id,date,mc_mass,p_mass_rm,p_mass_fd,n_mass_fd,n_mass_rm,treatment,fd_day,p_mass_cons,p_mass_cons_avg,n_mass_cons,fd_day_count,mc_mass_init,mc_mass_true,mc_mass_diff,pulse_cat
1.1,2018-06-21,431.09,0,3,13.4162,NA,zone.1,0,0,NA,NA,0,428.09,0,NA,b1
1.1,2018-06-21,431.09,NA,1.0878,13.4162,NA,zone.1,1,NA,0.0996666666666665,6.1962,3,428.09,3.0996666666666663,3.0996666666666663,b1
1.1,2018-06-24,431.35,NA,0.9912,13.0067,7.22,zone.1,2,NA,0.0996666666666665,5.6467,2,428.09,2.271866666666714,-0.8277999999999524,b1
1.1,2018-06-27,432.88,4.78,0.9727,13.6571,7.36,zone.1,3,0.2989999999999995,0.0996666666666665,6.7871,1,428.09,2.8106666666666866,0.5387999999999726,b1
1.1,2018-06-30,430.09,NA,0.9606,11.6712,6.87,zone.1,4,NA,0.1335666666666667,5.331200000000001,3,428.09,2.133566666666667,-0.6771000000000198,p1
1.1,2018-07-03,431.04,NA,1.0074,14.8163,6.34,zone.1,5,NA,0.1335666666666667,6.686299999999999,2,428.09,2.1229666666667124,-0.010599999999954424,p1
1.1,2018-07-06,432.03,2.54,1.0168,13.6729,8.13,zone.1,6,0.40070000000000006,0.1335666666666667,3.2028999999999996,1,428.09,2.1055666666666646,-0.01740000000004782,p1
1.1,2018-07-09,429.89,NA,1.006,14.1716,10.47,zone.1,7,NA,0.4353,5.4716000000000005,3,428.09,2.235300000000011,0.12973333333334658,a1.b2
1.1,2018-07-12,431.57,NA,1.0431,14.1106,8.7,zone.1,8,NA,0.4353,5.390599999999999,2,428.09,2.9093000000000178,0.6740000000000066,a1.b2
1.1,2018-07-15,431.38,1.76,1.0083,14.3152,8.72,zone.1,9,1.3059,0.4353,5.3552,1,428.09,1.6762000000000206,-1.2330999999999972,a1.b2
1.1,2018-07-18,430.22,NA,1.013,14.1555,8.96,zone.1,10,NA,0.5771000000000001,7.5955,3,428.09,2.7071000000000525,1.030900000000032,a1.b2
1.1,2018-07-21,430.24,NA,1,13.82,6.56,zone.1,11,NA,0.5771000000000001,5.27,2,428.09,1.7141000000000344,-0.9930000000000181,p2
1.1,2018-07-24,429.11,1.29,1.03,16.97,8.55,zone.1,12,1.7313,0.5771000000000001,12.84,1,428.09,-0.4158999999999612,-2.1299999999999955,p2
1.1,2018-07-27,430.18,NA,0.97,14.02,4.13,zone.1,13,NA,0.47499999999999987,9.2,3,428.09,2.5650000000000315,2.9808999999999926,p2
1.1,2018-07-30,430.48,NA,1.01,13.33,4.82,zone.1,14,NA,0.47499999999999987,5.58,2,428.09,1.895000000000043,-0.6699999999999884,a2
1.1,2018-08-02,431.62,2.06,1.01,13.68,7.75,zone.1,15,0.9499999999999997,0.47499999999999987,3.67,1,428.09,2.0250000000000297,0.12999999999998657,a2
1.1,2018-08-05,431.74,NA,1,13.6,10.01,zone.1,16,NA,NA,NA,0,428.09,NA,NA,a2
1.2,2018-06-21,440.12,0,3,14.2467,NA,zone.1,0,0,NA,NA,0,437.12,0,NA,b1
1.2,2018-06-21,440.12,NA,1.0931,14.2467,NA,zone.1,1,NA,0.5244666666666666,6.496700000000001,3,437.12,3.5244666666666666,3.5244666666666666,b1
1.2,2018-06-24,440.93,NA,1.0403,13.8998,7.75,zone.1,2,NA,0.5244666666666666,6.369800000000001,2,437.12,3.241366666666669,-0.28309999999999746,b1
1.2,2018-06-27,443.09,3.56,0.967,14.6186,7.53,zone.1,3,1.5734,0.5244666666666666,6.368600000000001,1,437.12,4.361066666666638,1.1196999999999684,b1
1.2,2018-06-30,440,NA,1.0622,11.2996,8.25,zone.1,4,NA,0.32650000000000007,4.0796,3,437.12,3.2064999999999957,-1.1545666666666419,p1
1.2,2018-07-03,439.04,NA,1.0203,13.902,7.22,zone.1,5,NA,0.32650000000000007,6.071999999999999,2,437.12,1.184300000000016,-2.02219999999998,p1
1.2,2018-07-06,441.31,2.07,1.0069,13.3129,7.83,zone.1,6,0.9795000000000003,0.32650000000000007,6.252900000000001,1,437.12,2.4339999999999984,1.2496999999999825,p1
1.2,2018-07-09,438.95,NA,1.032,14.8606,7.06,zone.1,7,NA,0.3535333333333333,6.230599999999999,3,437.12,2.1835333333333176,-0.2504666666666808,a1.b2
1.2,2018-07-12,440.67,NA,1.0317,14.1032,8.63,zone.1,8,NA,0.3535333333333333,6.853199999999999,2,437.12,2.871533333333345,0.6880000000000273,a1.b2
1.2,2018-07-15,439.95,2.01,0.9768,14.028,7.25,zone.1,9,1.0606,0.3535333333333333,6.618,1,437.12,1.1198333333333172,-1.7517000000000276,a1.b2
1.2,2018-07-18,438.82,NA,1.0078,14.3753,7.41,zone.1,10,NA,0.4615333333333332,7.685299999999999,3,437.12,2.1615333333333218,1.0417000000000045,a1.b2
1.2,2018-07-21,439.18,NA,0.99,13.75,6.69,zone.1,11,NA,0.4615333333333332,5.699999999999999,2,437.12,1.5137333333333354,-0.6477999999999864,p2
1.2,2018-07-24,438.2,1.59,0.97,15.33,8.05,zone.1,12,1.3845999999999996,0.4615333333333332,10.530000000000001,1,437.12,-0.45626666666668275,-1.9700000000000182,p2
1.2,2018-07-27,436.07,NA,1.03,14.18,4.8,zone.1,13,NA,0.9,5.66,3,437.12,-0.15000000000001135,0.3062666666666714,p2
1.2,2018-07-30,441.39,NA,1,14.2,8.52,zone.1,14,NA,0.9,7.169999999999999,2,437.12,4.139999999999982,4.289999999999993,a2
1.2,2018-08-02,440.44,1.2,0.98,14.34,7.03,zone.1,15,1.8,0.9,5.879999999999999,1,437.12,2.1899999999999933,-1.9499999999999886,a2
1.2,2018-08-05,441.31,NA,0.99,13.67,8.46,zone.1,16,NA,NA,NA,0,437.12,NA,NA,a2
1.3,2018-06-21,434.17,0,3,14.4343,NA,zone.1,0,0,NA,NA,0,431.17,0,NA,b1
1.3,2018-06-21,434.17,NA,1.0948,14.4343,NA,zone.1,1,NA,0.5401333333333335,4.424300000000001,3,431.17,3.5401333333333334,3.5401333333333334,b1
1.3,2018-06-24,436.79,NA,0.9656,14.4056,10.01,zone.1,2,NA,0.5401333333333335,3.2956000000000003,2,431.17,5.065333333333338,1.5252000000000043,b1
1.3,2018-06-27,434.77,3.44,0.993,13.8466,11.11,zone.1,3,1.6204000000000005,0.5401333333333335,4.726600000000001,1,431.17,2.0797333333332992,-2.9856000000000384,b1
1.3,2018-06-30,432.91,NA,0.985,11.7187,9.12,zone.1,4,NA,-0.03439999999999991,2.8186999999999998,3,431.17,1.705600000000009,-0.37413333333329013,p1
1.3,2018-07-03,433.77,NA,0.9888,14.2905,8.9,zone.1,5,NA,-0.03439999999999991,5.8405000000000005,2,431.17,1.580599999999966,-0.12500000000004308,p1
1.3,2018-07-06,434.03,3.07,1.0294,13.6652,8.45,zone.1,6,-0.10319999999999974,-0.03439999999999991,5.3652,1,431.17,0.851799999999957,-0.728800000000009,p1
1.3,2018-07-09,433.13,NA,1.0028,14.4074,8.3,zone.1,7,NA,0.30743333333333345,6.7974000000000006,3,431.17,2.267433333333313,1.415633333333356,a1.b2
1.3,2018-07-12,433.32,NA,1.0401,11.9035,7.61,zone.1,8,NA,0.30743333333333345,4.3435,2,431.17,1.4546333333333108,-0.8128000000000022,a1.b2
1.3,2018-07-15,434.45,2.15,1.0208,14.4891,7.56,zone.1,9,0.9223000000000003,0.30743333333333345,6.8791,1,431.17,1.5445333333333064,0.08989999999999565,a1.b2
1.3,2018-07-18,433.4,NA,1.0081,14.5828,7.61,zone.1,10,NA,0.7496333333333333,5.062800000000001,3,431.17,2.9796333333332945,1.435099999999988,a1.b2
1.3,2018-07-21,435.7,NA,1.01,13.37,9.52,zone.1,11,NA,0.7496333333333333,6.659999999999999,2,431.17,4.2715333333333065,1.291900000000012,p2
1.3,2018-07-24,434.46,0.79,1.01,15.43,6.71,zone.1,12,2.2489,0.7496333333333333,8.92,1,431.17,2.021533333333297,-2.2500000000000093,p2
1.3,2018-07-27,433.98,NA,1.01,13.39,6.51,zone.1,13,NA,0.95,7.7,3,431.17,3.7600000000000025,1.7384666666667052,p2
1.3,2018-07-30,435.1,NA,1.03,14.17,5.69,zone.1,14,NA,0.95,7.31,2,431.17,3.870000000000007,0.11000000000000476,a2
1.3,2018-08-02,434.37,1.15,1,14.28,6.86,zone.1,15,1.9,0.95,6.999999999999999,1,431.17,2.1099999999999883,-1.7600000000000189,a2
1.3,2018-08-05,435.2,NA,1.02,13.84,7.28,zone.1,16,NA,NA,NA,0,431.17,NA,NA,a2
1.4,2018-06-21,426.21,0,3,14.3036,NA,zone.1,0,0,NA,NA,0,423.21,0,NA,b1
1.4,2018-06-21,426.21,NA,1.0033,14.3036,NA,zone.1,1,NA,0.1719333333333332,4.413599999999999,3,423.21,3.171933333333333,3.171933333333333,b1
1.4,2018-06-25,423.85,NA,0.9925,14.6372,9.89,zone.1,2,NA,0.1719333333333332,3.8171999999999997,2,423.21,-0.1913666666666237,-3.3632999999999567,b1
1.4,2018-06-28,424.48,4.48,1.0103,14.6899,10.82,zone.1,3,0.5157999999999996,0.1719333333333332,6.1599,1,423.21,-0.5538666666666283,-0.3625000000000046,b1
1.4,2018-07-01,421.79,NA,0.9881,12.4949,8.53,zone.1,4,NA,0.0028333333333332433,2.8049,3,423.21,-1.4171666666666258,-0.8632999999999975,p1
1.4,2018-07-04,422.36,NA,1.0001,16.0847,9.69,zone.1,5,NA,0.0028333333333332433,7.304700000000002,2,423.21,-1.8352666666666326,-0.4181000000000068,p1
1.4,2018-07-07,423.19,2.99,1.032,16.1522,8.78,zone.1,6,0.00849999999999973,0.0028333333333332433,6.472200000000001,1,423.21,-2.0053666666666485,-0.1701000000000159,p1
1.4,2018-07-10,421.23,NA,1.0034,15.0846,9.68,zone.1,7,NA,-0.14950000000000005,4.6746,3,423.21,-2.1294999999999615,-0.124133333333313,a1.b2
1.4,2018-07-13,421.72,NA,1.0161,13.7549,10.41,zone.1,8,NA,-0.14950000000000005,2.3949,2,423.21,-2.6428999999999525,-0.513399999999991,a1.b2
1.4,2018-07-16,422.28,3.5,1.0285,15.206,11.36,zone.1,9,-0.4485000000000001,-0.14950000000000005,3.065999999999999,1,423.21,-3.099000000000007,-0.45610000000005435,a1.b2
1.4,2018-07-19,420.62,NA,1.0164,14.5553,12.14,zone.1,10,NA,0.1583000000000001,5.695300000000001,3,423.21,-2.431699999999975,0.667300000000032,a1.b2
1.4,2018-07-23,421.73,NA,1.02,13.93,8.86,zone.1,11,NA,0.1583000000000001,5.279999999999999,2,423.21,-2.338099999999961,0.09360000000001367,p2
1.4,2018-07-26,422.9,2.59,1,14.03,8.65,zone.1,12,0.4749000000000003,0.1583000000000001,6.819999999999999,1,423.21,-2.188100000000002,0.14999999999995905,p2
1.4,2018-07-29,421.03,NA,1.03,13.38,7.21,zone.1,13,NA,0.44500000000000006,4.6800000000000015,3,423.21,-1.7350000000000068,0.4530999999999954,p2
1.4,2018-08-02,422.15,NA,1,14.41,8.7,zone.1,14,NA,0.44500000000000006,7.53,2,423.21,-1.6450000000000025,0.0900000000000043,a2
1.4,2018-08-06,422.41,2.14,1,13.57,6.88,zone.1,15,0.8900000000000001,0.44500000000000006,4.390000000000001,1,423.21,-2.3849999999999545,-0.739999999999952,a2
1.4,2018-08-09,421.35,NA,1.02,13.72,9.18,zone.1,16,NA,NA,NA,0,423.21,NA,NA,a2
1.5,2018-06-21,436.57,0,3,14.1876,NA,zone.1,0,0,NA,NA,0,433.57,0,NA,b1
1.5,2018-06-21,436.57,NA,1.1133,14.1876,NA,zone.1,1,NA,0.5858666666666665,6.4776,3,433.57,3.5858666666666665,3.5858666666666665,b1
1.5,2018-06-24,436.02,NA,1.0043,13.8688,7.71,zone.1,2,NA,0.5858666666666665,6.268800000000001,2,433.57,1.9225666666666552,-1.6633000000000113,b1
1.5,2018-06-27,436.6,3.36,1.0411,14.3756,7.6,zone.1,3,1.7575999999999996,0.5858666666666665,7.0556,1,433.57,1.4982666666666964,-0.4242999999999588,b1
1.5,2018-06-30,434.44,NA,1.0095,11.0786,7.32,zone.1,4,NA,0.2864333333333334,3.3286,3,433.57,1.1564333333333379,-0.3418333333333585,p1
1.5,2018-07-03,435.11,NA,1.0187,14.1667,7.75,zone.1,5,NA,0.2864333333333334,7.1367,2,433.57,0.8169333333333537,-0.33949999999998415,p1
1.5,2018-07-06,436.25,2.21,1.0082,12.9238,7.03,zone.1,6,0.8593000000000002,0.2864333333333334,5.3438,1,433.57,0.9382333333333401,0.12129999999998642,p1
1.5,2018-07-09,433.95,NA,1.0047,14.2324,7.58,zone.1,7,NA,0.6076666666666668,5.962400000000001,3,433.57,0.9876666666666623,0.049433333333322116,a1.b2
1.5,2018-07-13,435.34,NA,1.0201,14.193,8.27,zone.1,8,NA,0.6076666666666668,7.0329999999999995,2,433.57,1.3729666666666487,0.38529999999998643,a1.b2
1.5,2018-07-15,435.79,1.21,0.357,13.718,7.16,zone.1,9,1.8230000000000004,0.6076666666666668,5.878,1,433.57,0.8028666666666942,-0.5700999999999545,a1.b2
1.5,2018-07-18,434.93,NA,0.9872,14.6217,7.84,zone.1,10,NA,0.11473333333333328,7.0917,3,433.57,1.474733333333347,0.6718666666666528,a1.b2
1.5,2018-07-21,435.37,NA,1.04,13.13,7.53,zone.1,11,NA,0.11473333333333328,4.590000000000002,2,433.57,0.9275333333333446,-0.5472000000000024,p2
1.5,2018-07-24,437.31,2.04,0.99,14.77,8.54,zone.1,12,0.34419999999999984,0.11473333333333328,5.889999999999999,1,433.57,1.8275333333333423,0.8999999999999977,p2
1.5,2018-07-27,435.63,NA,1.03,13.87,8.88,zone.1,13,NA,0.805,4.659999999999998,3,433.57,2.8650000000000024,1.03746666666666,p2
1.5,2018-07-30,436.88,NA,1.02,13.87,9.21,zone.1,14,NA,0.805,5.409999999999998,2,433.57,3.085000000000002,0.21999999999999975,a2
1.5,2018-08-02,435.93,1.43,1,14.44,8.46,zone.1,15,1.61,0.805,1.3899999999999988,1,433.57,1.1150000000000135,-1.9699999999999886,a2
1.5,2018-08-05,435.41,NA,0.99,13.41,13.05,zone.1,16,NA,NA,NA,0,433.57,NA,NA,a2
1.6,2018-06-21,425.93,0,3,13.6101,NA,zone.1,0,0,NA,NA,0,422.93,0,NA,b1
1.6,2018-06-21,425.93,NA,1.0134,13.6101,NA,zone.1,1,NA,1.2469,7.3401,3,422.93,4.2469,4.2469,b1
1.6,2018-06-24,426.58,NA,0.9973,14.2005,6.27,zone.1,2,NA,1.2469,7.7805,2,422.93,3.8834999999999775,-0.3634000000000226,b1
1.6,2018-06-27,427.51,1.27,0.9675,14.0879,6.42,zone.1,3,3.7407,1.2469,7.337899999999999,1,422.93,3.8161999999999843,-0.06729999999999325,b1
1.6,2018-06-30,427.15,NA,0.9886,12.3652,6.75,zone.1,4,NA,0.5477,5.2951999999999995,3,422.93,4.76769999999997,0.951499999999986,p1
1.6,2018-07-04,427.29,NA,1.017,14.3581,7.07,zone.1,5,NA,0.5477,6.8281,2,422.93,3.9191000000000136,-0.8485999999999567,p1
1.6,2018-07-06,423.27,1.33,0.9631,14.3293,7.53,zone.1,6,1.6431,0.5477,6.7693,1,422.93,-1.117900000000025,-5.037000000000038,p1
1.6,2018-07-09,425.53,NA,0.9889,15.7206,7.56,zone.1,7,NA,0.5235,6.260599999999998,3,422.93,3.1234999999999657,4.241399999999991,a1.b2
1.6,2018-07-12,426.51,NA,1.0185,13.8276,9.46,zone.1,8,NA,0.5235,5.6175999999999995,2,422.93,3.114599999999984,-0.008899999999981922,a1.b2
1.6,2018-07-15,426.35,1.4,1.0436,14.1302,8.21,zone.1,9,1.5705,0.5235,4.3202,1,422.93,1.9361000000000157,-1.1784999999999681,a1.b2
1.6,2018-07-18,427.31,NA,1.0251,14.337,9.81,zone.1,10,NA,0.3528999999999998,6.707,3,422.93,4.7328999999999954,2.7967999999999797,a1.b2
1.6,2018-07-21,426.18,NA,1.01,12.96,7.63,zone.1,11,NA,0.3528999999999998,5.080000000000001,2,422.93,2.5778,-2.1550999999999956,p2
1.6,2018-07-24,427.09,2.02,0.98,14.91,7.88,zone.1,12,1.0586999999999995,0.3528999999999998,7,1,422.93,2.4777999999999683,-0.10000000000003162,p2
1.6,2018-07-27,426.15,NA,1.02,13.56,7.91,zone.1,13,NA,0.32499999999999996,2.8100000000000005,3,422.93,3.5449999999999706,1.0672000000000024,p2
1.6,2018-07-30,426.35,NA,1.02,13.87,10.75,zone.1,14,NA,0.32499999999999996,5.799999999999999,2,422.93,2.7250000000000156,-0.819999999999955,a2
1.6,2018-08-02,427.45,2.37,1,13.29,8.07,zone.1,15,0.6499999999999999,0.32499999999999996,2.5299999999999994,1,422.93,2.804999999999982,0.07999999999996632,a2
1.6,2018-08-05,424.88,NA,1.02,13.88,10.76,zone.1,16,NA,NA,NA,0,422.93,NA,NA,a2
1.7,2018-06-21,431.73,0,3,14.1628,NA,zone.1,0,0,NA,NA,0,428.73,0,NA,b1
1.7,2018-06-21,431.73,NA,1.0094,14.1628,NA,zone.1,1,NA,0.6644333333333335,7.742800000000001,3,428.73,3.6644333333333337,3.6644333333333337,b1
1.7,2018-06-24,432.08,NA,0.9939,13.4749,6.42,zone.1,2,NA,0.6644333333333335,6.3749,2,428.73,3.0050333333332993,-0.6594000000000344,b1
1.7,2018-06-27,432.9,3.01,1.0002,13.595,7.1,zone.1,3,1.9933000000000005,0.6644333333333335,5.575000000000001,1,428.73,2.8311333333332924,-0.17390000000000683,b1
1.7,2018-06-30,431.32,NA,1.0064,12.2451,8.02,zone.1,4,NA,0.27386666666666654,4.535100000000001,3,428.73,2.8638666666666417,0.03273333333334927,p1
1.7,2018-07-03,431.76,NA,1.035,14.0641,7.71,zone.1,5,NA,0.27386666666666654,7.5441,2,428.73,2.2974666666666392,-0.5664000000000025,p1
1.7,2018-07-06,432.53,2.22,0.9888,13.3682,6.52,zone.1,6,0.8215999999999997,0.27386666666666654,6.6482,1,428.73,2.032466666666621,-0.26500000000001833,p1
1.7,2018-07-09,430.42,NA,1.0373000000000001,14.225,6.72,zone.1,7,NA,0.5637666666666666,5.344999999999999,3,428.73,2.2537666666666643,0.22130000000004335,a1.b2
1.7,2018-07-12,432.8,NA,1.0252,13.7337,8.88,zone.1,8,NA,0.5637666666666666,6.313700000000001,2,428.73,3.5964666666666596,1.3426999999999953,a1.b2
1.7,2018-07-16,432.37,1.36,0.3833,14.3535,7.42,zone.1,9,1.6912999999999998,0.5637666666666666,6.6435,1,428.73,2.141266666666653,-1.4552000000000067,a1.b2
1.7,2018-07-18,430.93,NA,1.0023,14.2996,7.71,zone.1,10,NA,0.5918666666666668,7.8296,3,428.73,2.7918666666666554,0.6506000000000025,a1.b2
1.7,2018-07-21,431.87,NA,1.04,13.97,6.47,zone.1,11,NA,0.5918666666666668,6.130000000000001,2,428.73,2.729566666666653,-0.06230000000000224,p2
1.7,2018-07-24,432.74,0.65,1.02,15.4,7.84,zone.1,12,1.7756000000000003,0.5918666666666668,8.14,1,428.73,2.5595666666666577,-0.1699999999999955,p2
1.7,2018-07-27,431.77,NA,1,13.87,7.26,zone.1,13,NA,0.6549999999999999,4.02,3,428.73,3.6949999999999634,1.1354333333333058,p2
1.7,2018-07-30,432.57,NA,1.03,14.03,9.85,zone.1,14,NA,0.6549999999999999,7.669999999999999,2,428.73,3.494999999999975,-0.19999999999998863,a2
1.7,2018-08-02,433.23,1.74,1.01,14.46,6.36,zone.1,15,1.3099999999999998,0.6549999999999999,5.960000000000001,1,428.73,3.1249999999999996,-0.36999999999997524,a2
1.7,2018-08-05,433.09,NA,1,14.19,8.5,zone.1,16,NA,NA,NA,0,428.73,NA,NA,a2
2.1,2018-06-21,431.39,0,3,17.975,NA,zone.2,0,0,NA,NA,0,428.39,0,NA,b1
2.1,2018-06-21,431.39,NA,2.0175,17.975,NA,zone.2,1,NA,0.34646666666666653,11.885000000000002,3,428.39,3.3464666666666667,3.3464666666666667,b1
2.1,2018-06-24,434.51,NA,2.0019,17.9212,6.09,zone.2,2,NA,0.34646666666666653,5.181199999999999,2,428.39,4.448966666666671,1.102500000000004,b1
2.1,2018-06-27,435.21,5.98,1.9892,17.271,12.74,zone.2,3,1.0393999999999997,0.34646666666666653,5.341000000000001,1,428.39,3.14706666666666,-1.301900000000011,b1
2.1,2018-06-30,431.64,NA,2.0051,16.386,11.93,zone.2,4,NA,0.5516666666666664,6.436,3,428.39,3.8016666666666663,0.6546000000000065,p1
2.1,2018-07-03,434.26,NA,1.9807,18.0548,9.95,zone.2,5,NA,0.5516666666666664,6.8948,2,428.39,4.416566666666671,0.6149000000000044,p1
2.1,2018-07-06,436.68,4.32,2.0014,16.3768,11.16,zone.2,6,1.6549999999999994,0.5516666666666664,6.3368,1,428.39,4.855866666666688,0.4393000000000171,p1
2.1,2018-07-09,431.62,NA,2.0146,17.6023,10.04,zone.2,7,NA,0.8022666666666666,7.1523,3,428.39,4.032266666666684,-0.8236000000000034,a1.b2
2.1,2018-07-12,433.8,NA,2.0108,17.4766,10.45,zone.2,8,NA,0.8022666666666666,6.976600000000001,2,428.39,4.1976666666666915,0.1654000000000071,a1.b2
2.1,2018-07-15,436.58,3.62,2.0033,17.2021,10.5,zone.2,9,2.4067999999999996,0.8022666666666666,7.192100000000002,1,428.39,4.9668666666666645,0.769199999999973,a1.b2
2.1,2018-07-18,433.33,NA,1.98919,18.1743,10.01,zone.2,10,NA,0.32749666666666677,10.004299999999999,3,428.39,5.2674966666666645,0.30062999999999995,a1.b2
2.1,2018-07-21,434.96,NA,2.01,19.06,8.17,zone.2,11,NA,0.32749666666666677,6.409999999999998,2,428.39,4.90830666666666,-0.35919000000000434,p2
2.1,2018-07-24,433.66,5.02,2.02,18.33,12.65,zone.2,12,0.9824900000000003,0.32749666666666677,8.809999999999999,1,428.39,1.5983066666667056,-3.3099999999999543,p2
2.1,2018-07-27,433.5,NA,2.02,17.51,9.52,zone.2,13,NA,0.9300000000000002,4.140000000000002,3,428.39,6.040000000000013,4.4416933333333075,p2
2.1,2018-07-30,434.44,NA,2,18.25,13.37,zone.2,14,NA,0.9300000000000002,9.83,2,428.39,4.9600000000000115,-1.0800000000000018,a2
2.1,2018-08-02,436.69,4.18,2,18.38,8.42,zone.2,15,1.8600000000000003,0.9300000000000002,5.209999999999999,1,428.39,5.2100000000000115,0.25,a2
2.1,2018-08-05,434.24,NA,2,17.65,13.17,zone.2,16,NA,NA,NA,0,428.39,NA,NA,a2
2.2,2018-06-21,425.75,0,3,14.2467,NA,zone.2,0,0,NA,NA,0,422.75,0,NA,b1
2.2,2018-06-21,425.75,NA,1.0931,14.2467,NA,zone.2,1,NA,0.7092333333333333,5.1667000000000005,3,422.75,3.709233333333333,3.709233333333333,b1
2.2,2018-06-24,427.91,NA,1.9946,18.371,9.08,zone.2,2,NA,0.7092333333333333,7.360999999999999,2,422.75,4.776133333333359,1.0669000000000257,b1
2.2,2018-06-27,429.68,3.96,2.0116,17.0447,11.01,zone.2,3,2.1277,0.7092333333333333,4.914699999999998,1,422.75,4.5515333333333405,-0.22460000000001834,b1
2.2,2018-06-30,427.81,NA,2.0321,17.7378,12.13,zone.2,4,NA,-0.005933333333333716,10.4078,3,422.75,5.054066666666668,0.5025333333333277,p1
2.2,2018-07-03,429.9,NA,1.9685,17.7014,7.33,zone.2,5,NA,-0.005933333333333716,6.4414,2,422.75,5.1119666666666435,0.057899999999975194,p1
2.2,2018-07-06,431.9,6.03,2.0109,16.7868,11.26,zone.2,6,-0.017800000000001148,-0.005933333333333716,9.8868,1,422.75,5.143466666666644,0.031500000000000306,p1
2.2,2018-07-09,425.77,NA,2.0359,17.197,6.9,zone.2,7,NA,0.4401666666666664,9.747,3,422.75,3.460166666666648,-1.6832999999999956,a1.b2
2.2,2018-07-12,427.84,NA,2.0237,17.3644,7.45,zone.2,8,NA,0.4401666666666664,5.7044,2,422.75,3.4942666666666415,0.03409999999999336,a1.b2
2.2,2018-07-15,431,4.75,2.0171,27.3247,11.66,zone.2,9,1.3204999999999991,0.4401666666666664,19.1047,1,422.75,4.630566666666667,1.1363000000000252,a1.b2
2.2,2018-07-18,426.58,NA,1.9978,17.9775,8.22,zone.2,10,NA,0.6016333333333334,5.967499999999999,3,422.75,4.431633333333317,-0.19893333333334962,a1.b2
2.2,2018-07-21,428.54,NA,2.02,17.91,12.01,zone.2,11,NA,0.6016333333333334,7.699999999999999,2,422.75,4.393833333333354,-0.03779999999996342,p2
2.2,2018-07-24,430.07,4.23,2.01,18.11,10.21,zone.2,12,1.8049,0.6016333333333334,9.19,1,422.75,3.9038333333333273,-0.4900000000000264,p2
2.2,2018-07-27,428.08,NA,2.01,17.56,8.92,zone.2,13,NA,1.1549999999999998,6.759999999999998,3,422.75,6.4849999999999834,2.581166666666656,p2
2.2,2018-07-30,429.88,NA,2,17.67,10.8,zone.2,14,NA,1.1549999999999998,10.320000000000002,2,422.75,6.274999999999995,-0.20999999999998842,a2
2.2,2018-08-02,430.71,3.71,2.01,16.31,7.35,zone.2,15,2.3099999999999996,1.1549999999999998,7.429999999999998,1,422.75,5.104999999999979,-1.170000000000016,a2
2.2,2018-08-05,428.16,NA,2.02,17.53,8.88,zone.2,16,NA,NA,NA,0,422.75,NA,NA,a2
2.3,2018-06-21,427.6,0,3,17.9294,NA,zone.2,0,0,NA,NA,0,424.6,0,NA,b1
2.3,2018-06-21,427.6,NA,2.0086,17.9294,NA,zone.2,1,NA,0.324333333333333,8.819400000000002,3,424.6,3.324333333333333,3.324333333333333,b1
2.3,2018-06-24,429.46,NA,1.9944,17.0933,9.11,zone.2,2,NA,0.324333333333333,6.8233,2,424.6,3.17573333333329,-0.14860000000004314,b1
2.3,2018-06-27,431.02,6.03,2.0124,17.4564,10.27,zone.2,3,0.972999999999999,0.324333333333333,9.196399999999999,1,424.6,2.7413333333332925,-0.43439999999999745,b1
2.3,2018-06-30,429.6,NA,1.9829,17.2058,8.26,zone.2,4,NA,0.07146666666666679,8.8358,3,424.6,5.071466666666667,2.3301333333333742,p1
2.3,2018-07-03,432.29,NA,1.9791,16.2303,8.37,zone.2,5,NA,0.07146666666666679,7.8203,2,424.6,5.778566666666665,0.7070999999999978,p1
2.3,2018-07-06,434.92,5.76,2.0038,17.2802,8.41,zone.2,6,0.21440000000000037,0.07146666666666679,5.110200000000001,1,424.6,6.429466666666659,0.6508999999999947,p1
2.3,2018-07-09,428.66,NA,2.0129,18.2996,12.17,zone.2,7,NA,-0.22433333333333305,7.659600000000001,3,424.6,3.8356666666666692,-2.59379999999999,a1.b2
2.3,2018-07-12,431.67,NA,2.0303,17.5796,10.64,zone.2,8,NA,-0.22433333333333305,5.8995999999999995,2,424.6,4.83276666666666,0.9970999999999908,a1.b2
2.3,2018-07-15,433.74,6.72,1.9076,17.337,11.68,zone.2,9,-0.6729999999999992,-0.22433333333333305,6.057,1,424.6,4.872466666666653,0.03969999999999274,a1.b2
2.3,2018-07-18,429.16,NA,2.0029,18.0999,11.28,zone.2,10,NA,0.30349999999999994,6.959900000000001,3,424.6,4.863500000000002,-0.008966666666650802,a1.b2
2.3,2018-07-21,431.77,NA,2,17.89,11.14,zone.2,11,NA,0.30349999999999994,5.350000000000001,2,424.6,5.470599999999958,0.6070999999999565,p2
2.3,2018-07-24,430.09,5,2,17.68,12.54,zone.2,12,0.9104999999999999,0.30349999999999994,-1.0100000000000016,1,424.6,1.7905999999999522,-3.680000000000006,p2
2.3,2018-07-27,428.48,NA,2,18.3,18.69,zone.2,13,NA,1.2,5.030000000000001,3,424.6,5.079999999999996,3.289400000000043,p2
2.3,2018-07-30,430.48,NA,2,17.71,13.27,zone.2,14,NA,1.2,9.3,2,424.6,5.079999999999996,0,a2
2.3,2018-08-02,430.21,3.6,2,17.18,8.41,zone.2,15,2.4,1.2,5.969999999999999,1,424.6,2.809999999999957,-2.2700000000000387,a2
2.3,2018-08-05,430.87,NA,2,17.18,11.21,zone.2,16,NA,NA,NA,0,424.6,NA,NA,a2
2.4,2018-06-21,429.17,0,3,16.97,NA,zone.2,0,0,NA,NA,0,426.17,0,NA,b1
2.4,2018-06-21,429.17,NA,2.0601,16.97,NA,zone.2,1,NA,0.36336666666666656,7.129999999999999,3,426.17,3.3633666666666664,3.3633666666666664,b1
2.4,2018-06-24,432.05,NA,2.01,17.0532,9.84,zone.2,2,NA,0.36336666666666656,6.1532,2,426.17,4.183266666666662,0.8198999999999956,b1
2.4,2018-06-27,433.48,5.98,1.9852,16.4389,10.9,zone.2,3,1.0900999999999996,0.36336666666666656,6.4489,1,426.17,3.603266666666669,-0.579999999999993,b1
2.4,2018-06-30,429.61,NA,2.0421,17.838,9.99,zone.2,4,NA,0.09500000000000004,5.348000000000001,3,426.17,3.534999999999998,-0.06826666666667114,p1
2.4,2018-07-03,432.37,NA,2.0177,18.0552,12.49,zone.2,5,NA,0.09500000000000004,5.3652,2,426.17,4.252899999999989,0.7178999999999909,p1
2.4,2018-07-06,434.46,5.76,1.9776,16.9014,12.69,zone.2,6,0.28500000000000014,0.09500000000000004,6.601399999999998,1,426.17,4.325199999999964,0.07229999999997538,p1
2.4,2018-07-09,429.53,NA,1.9976,17.3423,10.3,zone.2,7,NA,0.4386666666666666,4.612300000000001,3,426.17,3.7986666666666236,-0.5265333333333406,a1.b2
2.4,2018-07-12,431.11,NA,2.0008,17.4002,12.73,zone.2,8,NA,0.4386666666666666,7.000200000000001,2,426.17,3.3810666666666642,-0.41759999999995934,a1.b2
2.4,2018-07-15,432.57,4.66,2.0021,19.0583,10.4,zone.2,9,1.3159999999999998,0.4386666666666666,5.158299999999999,1,426.17,2.840266666666644,-0.5408000000000204,a1.b2
2.4,2018-07-18,429.68,NA,1.9328,17.9809,13.9,zone.2,10,NA,0.4346333333333332,9.780899999999999,3,426.17,3.944633333333324,1.1043666666666803,a1.b2
2.4,2018-07-21,432.97,NA,2.009,17.88,8.2,zone.2,11,NA,0.4346333333333332,9.819999999999999,2,426.17,5.301833333333344,1.3572000000000202,p2
2.4,2018-07-24,434.29,4.64,2,17.77,8.06,zone.2,12,1.3038999999999996,0.4346333333333332,8.219999999999999,1,426.17,4.612833333333337,-0.6890000000000072,p2
2.4,2018-07-27,428.32,NA,2.03,17.83,9.55,zone.2,13,NA,1.005,6.999999999999998,3,426.17,3.154999999999977,-1.45783333333336,p2
2.4,2018-07-30,433.13,NA,2,17.36,10.83,zone.2,14,NA,1.005,10.12,2,426.17,5.93499999999998,2.780000000000003,a2
2.4,2018-08-02,434.42,4.02,2,16.98,7.24,zone.2,15,2.01,1.005,6.880000000000001,1,426.17,5.2250000000000005,-0.7099999999999795,a2
2.4,2018-08-05,431.32,NA,1.99,17.8,10.1,zone.2,16,NA,NA,NA,0,426.17,NA,NA,a2
2.5,2018-06-21,432.25,0,3,17.65,NA,zone.2,0,0,NA,NA,0,429.25,0,NA,b1
2.5,2018-06-21,432.25,NA,2.0274,17.65,NA,zone.2,1,NA,1.6445999999999998,8.11,3,429.25,4.6446,4.6446,b1
2.5,2018-06-24,433.58,NA,1.9864,16.9688,9.54,zone.2,2,NA,1.6445999999999998,7.368800000000002,2,429.25,3.9471999999999836,-0.697400000000016,b1
2.5,2018-06-27,433.76,2.08,2.0221,17.9688,9.6,zone.2,3,4.9338,1.6445999999999998,6.758800000000001,1,429.25,2.1407999999999907,-1.806399999999993,b1
2.5,2018-06-30,433.68,NA,1.9742,17.2655,11.21,zone.2,4,NA,-0.2250333333333335,5.7355,3,429.25,4.204966666666674,2.064166666666683,p1
2.5,2018-07-03,435.31,NA,1.9386,17.6998,11.53,zone.2,5,NA,-0.2250333333333335,5.1098,2,429.25,3.860766666666669,-0.3442000000000047,p1
2.5,2018-07-06,438.5,6.61,2.0113,17.99,12.59,zone.2,6,-0.6751000000000005,-0.2250333333333335,7.989999999999998,1,429.25,5.112166666666667,1.251399999999998,p1
2.5,2018-07-09,433.36,NA,1.9744,18.0363,10,zone.2,7,NA,0.5087333333333331,7.186300000000001,3,429.25,4.6187333333333465,-0.4934333333333205,a1.b2
2.5,2018-07-12,436.73,NA,1.9905,17.4607,10.85,zone.2,8,NA,0.5087333333333331,6.890699999999999,2,429.25,6.014333333333351,1.3956000000000044,a1.b2
2.5,2018-07-15,436.25,4.45,2.03,18.1135,10.57,zone.2,9,1.5261999999999993,0.5087333333333331,7.633499999999998,1,429.25,3.543833333333333,-2.4705000000000177,a1.b2
2.5,2018-07-18,433.59,NA,2.0258,17.2031,10.48,zone.2,10,NA,0.2619333333333331,4.9030999999999985,3,429.25,4.601933333333308,1.0580999999999752,a1.b2
2.5,2018-07-21,435.5,NA,2.01,18.16,12.3,zone.2,11,NA,0.2619333333333331,5.18,2,429.25,4.486133333333333,-0.11579999999997526,p2
2.5,2018-07-24,435.56,5.28,2,18.5,12.98,zone.2,12,0.7857999999999992,0.2619333333333331,7.43,1,429.25,2.5361333333333356,-1.9499999999999975,p2
2.5,2018-07-27,433.58,NA,2.02,17.63,11.07,zone.2,13,NA,0.5349999999999997,4.649999999999999,3,429.25,4.864999999999984,2.3288666666666487,p2
2.5,2018-07-30,433.2,NA,2,17.55,12.98,zone.2,14,NA,0.5349999999999997,6.9300000000000015,2,429.25,2.4649999999999883,-2.399999999999996,a2
2.5,2018-08-02,436.31,4.95,2,17.86,10.62,zone.2,15,1.0699999999999994,0.5349999999999997,6.029999999999999,1,429.25,3.575000000000002,1.1100000000000136,a2
2.5,2018-08-05,432.94,NA,1.99,17.47,11.83,zone.2,16,NA,NA,NA,0,429.25,NA,NA,a2
2.6,2018-06-21,430.72,0,3,17.5511,NA,zone.2,0,0,NA,NA,0,427.72,0,NA,b1
2.6,2018-06-21,430.72,NA,2.001,17.5511,NA,zone.2,1,NA,0.24489999999999976,4.481100000000001,3,427.72,3.2449,3.2449,b1
2.6,2018-06-24,432.78,NA,2.0337,18.2486,13.07,zone.2,2,NA,0.24489999999999976,4.428599999999999,2,427.72,3.3038999999999454,0.05899999999994554,b1
2.6,2018-06-27,433.96,6.3,2.0289,17.6887,13.82,zone.2,3,0.7346999999999992,0.24489999999999976,6.078700000000001,1,427.72,2.4501999999999526,-0.8536999999999928,b1
2.6,2018-06-30,429.78,NA,1.9958,17.4268,11.61,zone.2,4,NA,0.1341000000000001,5.066800000000001,3,427.72,2.1940999999999455,-0.2561000000000071,p1
2.6,2018-07-03,432.38,NA,1.9976,17.6725,12.36,zone.2,5,NA,0.1341000000000001,7.0525,2,427.72,2.7982999999999683,0.6042000000000227,p1
2.6,2018-07-06,435.59,5.62,2.0132,17.377,10.62,zone.2,6,0.4023000000000003,0.1341000000000001,8.947,1,427.72,4.0106999999999475,1.2123999999999793,p1
2.6,2018-07-09,430.32,NA,1.9841,17.7525,8.43,zone.2,7,NA,0.8549333333333333,6.682500000000001,3,427.72,3.454933333333299,-0.5557666666666483,a1.b2
2.6,2018-07-12,431.26,NA,2.0275,17.6292,11.07,zone.2,8,NA,0.8549333333333333,9.5492,2,427.72,2.410833333333297,-1.044100000000002,a1.b2
2.6,2018-07-15,436.73,3.46,1.9933,16.4853,8.08,zone.2,9,2.5648,0.8549333333333333,8.5353,1,427.72,5.853333333333325,3.4425000000000274,a1.b2
2.6,2018-07-18,433.62,NA,2.0342,17.4469,7.95,zone.2,10,NA,0.7724999999999996,12.1269,3,427.72,6.672499999999977,0.8191666666666526,a1.b2
2.6,2018-07-21,432.33,NA,2.03,18.52,5.32,zone.2,11,NA,0.7724999999999996,9.309999999999999,2,427.72,3.3482999999999565,-3.3242000000000207,p2
2.6,2018-07-24,435.12,3.74,1.98,18.07,9.21,zone.2,12,2.317499999999999,0.7724999999999996,11.24,1,427.72,4.108299999999978,0.7600000000000211,p2
2.6,2018-07-27,433.32,NA,2.01,17.79,6.83,zone.2,13,NA,1.51,8.29,3,427.72,7.109999999999966,3.001699999999988,p2
2.6,2018-07-30,435.65,NA,2,18,9.5,zone.2,14,NA,1.51,10.77,2,427.72,7.42999999999995,0.3199999999999843,a2
2.6,2018-08-02,435.92,2.97,2,16.94,7.23,zone.2,15,3.02,1.51,6.570000000000002,1,427.72,5.699999999999989,-1.7299999999999613,a2
2.6,2018-08-05,435.4,NA,2,18.67,10.37,zone.2,16,NA,NA,NA,0,427.72,NA,NA,a2
2.7,2018-06-21,422.94,0,3,17.0771,NA,zone.2,0,0,NA,NA,0,419.94,0,NA,b1
2.7,2018-06-21,422.94,NA,2.0398,17.0771,NA,zone.2,1,NA,0.38333333333333314,5.247100000000001,3,419.94,3.3833333333333333,3.3833333333333333,b1
2.7,2018-06-24,424.39,NA,2.0002,16.6356,11.83,zone.2,2,NA,0.38333333333333314,5.525600000000001,2,419.94,2.793533333333322,-0.5898000000000114,b1
2.7,2018-06-27,426.06,5.89,2.042,17.5409,11.11,zone.2,3,1.1499999999999995,0.38333333333333314,6.2109000000000005,1,419.94,2.4633333333333383,-0.3301999999999836,b1
2.7,2018-06-30,422.25,NA,2.003,17.1465,11.33,zone.2,4,NA,0.039066666666666805,6.4864999999999995,3,419.94,2.349066666666669,-0.11426666666666918,p1
2.7,2018-07-03,426.47,NA,1.9922,17.757,10.66,zone.2,5,NA,0.039066666666666805,5.687000000000001,2,419.94,4.566066666666696,2.217000000000027,p1
2.7,2018-07-06,425.98,5.92,2.0106,17.3823,12.07,zone.2,6,0.11720000000000041,0.039066666666666805,2.8323,1,419.94,2.0838666666666867,-2.4822000000000095,p1
2.7,2018-07-09,421.61,NA,2.03,17.4953,14.55,zone.2,7,NA,0.3503999999999999,4.9853000000000005,3,419.94,2.020400000000016,-0.06346666666667078,a1.b2
2.7,2018-07-12,426.16,NA,2.0206,17.3615,12.51,zone.2,8,NA,0.3503999999999999,4.9315,2,419.94,4.5404000000000275,2.5200000000000116,a1.b2
2.7,2018-07-15,425.08,5.01,2.0288,17.9905,12.43,zone.2,9,1.0511999999999997,0.3503999999999999,1.2905000000000015,1,419.94,1.4397999999999864,-3.100600000000041,a1.b2
2.7,2018-07-18,421.69,NA,2.0092,17.00369,16.7,zone.2,10,NA,-0.003999999999999855,8.333689999999999,3,419.94,1.7460000000000002,0.3062000000000138,a1.b2
2.7,2018-07-21,421.8,NA,1.98,18.55,8.67,zone.2,11,NA,-0.003999999999999855,5.57,2,419.94,-0.1531999999999861,-1.8991999999999862,p2
2.7,2018-07-24,426.78,6.03,2.03,18.57,12.98,zone.2,12,-0.011999999999999567,-0.003999999999999855,10.3,1,419.94,2.8467999999999747,2.999999999999961,p2
2.7,2018-07-27,426.83,NA,1.98,17.4,8.27,zone.2,13,NA,0.8449999999999998,7.899999999999999,3,419.94,7.734999999999986,4.888200000000012,p2
2.7,2018-07-30,426.27,NA,2,17.46,9.5,zone.2,14,NA,0.8449999999999998,10.32,2,419.94,5.194999999999983,-2.5400000000000027,a2
2.7,2018-08-02,427.06,4.32,2,17.27,7.14,zone.2,15,1.6899999999999995,0.8449999999999998,7.59,1,419.94,3.9850000000000043,-1.209999999999979,a2
2.7,2018-08-05,425.81,NA,2.02,17.57,9.68,zone.2,16,NA,NA,NA,0,419.94,NA,NA,a2
3.1,2018-06-21,425.35,0,3,13.016,NA,zone.3,0,0,NA,NA,0,422.35,0,NA,b1
3.1,2018-06-21,425.35,NA,1.0021,13.016,NA,zone.3,1,NA,0.7098333333333334,5.866,3,422.35,3.7098333333333335,3.7098333333333335,b1
3.1,2018-06-24,426.96,NA,0.9674,14.5556,7.15,zone.3,2,NA,0.7098333333333334,7.5756,2,422.35,4.31773333333329,0.6078999999999568,b1
3.1,2018-06-27,427.02,2.84,0.9983,15.2287,6.98,zone.3,3,2.1295,0.7098333333333334,8.9587,1,422.35,3.4103333333332926,-0.9073999999999978,b1
3.1,2018-06-30,425.29,NA,3.9177,25.6156,6.27,zone.3,4,NA,0.5263333333333332,8.7656,3,422.35,3.466333333333331,0.05600000000003824,p1
3.1,2018-07-03,429.31,NA,3.863,24.7499,16.85,zone.3,5,NA,0.5263333333333332,9.0699,2,422.35,3.5686333333333127,0.10229999999998185,p1
3.1,2018-07-06,433.89,7.2,3.9079,25.2749,15.68,zone.3,6,1.5789999999999997,0.5263333333333332,9.7349,1,422.35,4.285633333333298,0.716999999999985,p1
3.1,2018-07-09,429.57,NA,0.9824,13.9988,15.54,zone.3,7,NA,0.6799666666666667,5.188799999999999,3,422.35,7.8999666666666375,3.61433333333334,a1.b2
3.1,2018-07-12,429.76,NA,1.0196,13.9003,8.81,zone.3,8,NA,0.6799666666666667,6.420299999999999,2,422.35,7.107566666666635,-0.7924000000000024,a1.b2
3.1,2018-07-15,428.31,3.87,0.9669,13.3268,7.48,zone.3,9,2.0399000000000003,0.6799666666666667,2.726800000000001,1,422.35,4.637966666666646,-2.469599999999989,a1.b2
3.1,2018-07-18,426.27,NA,0.9909,16.0764,10.6,zone.3,10,NA,0.5759333333333334,8.4764,3,422.35,4.4959333333332925,-0.14203333333335344,a1.b2
3.1,2018-07-21,426.59,NA,3.87,25.66,7.6,zone.3,11,NA,0.5759333333333334,8.280000000000001,2,422.35,3.8250333333332858,-0.6709000000000067,p2
3.1,2018-07-24,430.64,4.1,3.9,27.1,17.38,zone.3,12,1.7278000000000002,0.5759333333333334,8.670000000000002,1,422.35,4.005033333333297,0.18000000000001126,p2
3.1,2018-07-27,430.76,NA,3.92,25.79,18.43,zone.3,13,NA,1.0300000000000002,4.699999999999999,3,422.35,9.43999999999997,5.434966666666672,p2
3.1,2018-07-30,433.46,NA,1,16.37,21.09,zone.3,14,NA,1.0300000000000002,8.580000000000002,2,422.35,8.219999999999956,-1.220000000000013,a2
3.1,2018-08-02,433.77,6.76,1,13.81,7.79,zone.3,15,2.0600000000000005,1.0300000000000002,6.2,1,422.35,7.529999999999959,-0.6899999999999968,a2
3.1,2018-08-05,426.84,NA,1,13.79,7.61,zone.3,16,NA,NA,NA,0,422.35,NA,NA,a2
3.2,2018-06-21,435.41,0,3,13.6516,NA,zone.3,0,0,NA,NA,0,432.41,0,NA,b1
3.2,2018-06-21,435.41,NA,1.0187,13.6516,NA,zone.3,1,NA,1.4685666666666668,8.1416,3,432.41,4.468566666666667,4.468566666666667,b1
3.2,2018-06-24,435.79,NA,1.027,14.3294,5.51,zone.3,2,NA,1.4685666666666668,7.759399999999999,2,432.41,3.8298666666666623,-0.6387000000000045,b1
3.2,2018-06-27,436.31,0.64,0.973,14.2393,6.57,zone.3,3,4.4057,1.4685666666666668,8.4093,1,432.41,3.322866666666644,-0.5070000000000183,b1
3.2,2018-06-30,439.69,NA,3.914,25.3786,5.83,zone.3,4,NA,0.38853333333333345,9.168599999999998,3,432.41,7.668533333333306,4.345666666666662,p1
3.2,2018-07-03,439.69,NA,3.8986,25.784,16.21,zone.3,5,NA,0.38853333333333345,7.853999999999999,2,432.41,3.754533333333306,-3.9139999999999997,p1
3.2,2018-07-06,444.42,7.62,3.8742,25.4938,17.93,zone.3,6,1.1656000000000004,0.38853333333333345,15.1538,1,432.41,4.585933333333324,0.8314000000000181,p1
3.2,2018-07-09,441.49,NA,3.9611,14.8413,10.34,zone.3,7,NA,1.6768,8.781300000000002,3,432.41,10.756799999999984,6.17086666666666,a1.b2
3.2,2018-07-12,439.58,NA,0.9551,16.1899,6.06,zone.3,8,NA,1.6768,9.4099,2,432.41,4.885699999999959,-5.871100000000025,a1.b2
3.2,2018-07-15,440.7,3.76,1.0188,13.4459,6.78,zone.3,9,5.0304,1.6768,0.4959000000000007,1,432.41,5.050599999999964,0.1649000000000047,a1.b2
3.2,2018-07-18,435.85,NA,1.0204,16.0333,12.95,zone.3,10,NA,0.8563999999999999,8.9133,3,432.41,4.2963999999999976,-0.7541999999999662,a1.b2
3.2,2018-07-21,437.91,NA,3.96,26.78,7.12,zone.3,11,NA,0.8563999999999999,17.12,2,432.41,5.335999999999999,1.0396000000000019,p2
3.2,2018-07-24,441.08,3.43,3.86,26.32,9.66,zone.3,12,2.5692,0.8563999999999999,12.11,1,432.41,4.545999999999959,-0.79000000000004,p2
3.2,2018-07-27,442.47,NA,3.91,26.04,14.21,zone.3,13,NA,0.7799999999999998,5.399999999999999,3,432.41,10.840000000000002,6.294000000000042,p2
3.2,2018-07-30,445.18,NA,1,13.36,20.64,zone.3,14,NA,0.7799999999999998,6.859999999999999,2,432.41,9.639999999999981,-1.2000000000000206,a2
3.2,2018-08-02,444.82,7.21,1,13.8,6.5,zone.3,15,1.5599999999999996,0.7799999999999998,6.930000000000001,1,432.41,8.279999999999967,-1.3600000000000136,a2
3.2,2018-08-05,436.78,NA,1.01,14.45,6.87,zone.3,16,NA,NA,NA,0,432.41,NA,NA,a2
3.3,2018-06-21,432.21,0,3,14.3311,NA,zone.3,0,0,NA,NA,0,429.21,0,NA,b1
3.3,2018-06-21,432.21,NA,1.0846,14.3311,NA,zone.3,1,NA,0.9018666666666667,7.5710999999999995,3,429.21,3.901866666666667,3.901866666666667,b1
3.3,2018-06-24,433.02,NA,1.021,13.7357,6.76,zone.3,2,NA,0.9018666666666667,7.1457,2,429.21,3.627266666666669,-0.27459999999999773,b1
3.3,2018-06-27,434.09,2.4,1.0205,14.1867,6.59,zone.3,3,2.7056,0.9018666666666667,8.1867,1,429.21,3.6762666666666624,0.04899999999999327,b1
3.3,2018-06-30,432.41,NA,3.9386,25.6545,6,zone.3,4,NA,0.4116333333333335,9.284499999999998,3,429.21,3.611633333333379,-0.06463333333328336,p1
3.3,2018-07-03,437.48,NA,3.8858,26.3207,16.37,zone.3,5,NA,0.4116333333333335,9.140699999999999,2,429.21,4.743033333333372,1.131399999999993,p1
3.3,2018-07-06,442.01,7.61,3.9355,25.2814,17.18,zone.3,6,1.2349000000000006,0.4116333333333335,7.871400000000001,1,429.21,5.387233333333345,0.644199999999973,p1
3.3,2018-07-09,435.84,NA,1.0131,13.5574,17.41,zone.3,7,NA,0.43293333333333334,4.657399999999999,3,429.21,7.062933333333329,1.675699999999984,a1.b2
3.3,2018-07-12,436.01,NA,0.9902,13.9154,8.9,zone.3,8,NA,0.43293333333333334,6.9854,2,429.21,6.219833333333345,-0.8430999999999838,a1.b2
3.3,2018-07-15,437.53,4.64,1.0272,14.766,6.93,zone.3,9,1.2988,0.43293333333333334,6.096,1,429.21,6.749633333333327,0.5297999999999821,a1.b2
3.3,2018-07-18,432.51,NA,1.0292,16.6838,8.67,zone.3,10,NA,0.8418000000000001,9.463800000000003,3,429.21,4.1418000000000115,-2.607833333333316,a1.b2
3.3,2018-07-21,432.72,NA,3.809,24.84,7.22,zone.3,11,NA,0.8418000000000001,11.48,2,429.21,3.322600000000048,-0.8191999999999635,p2
3.3,2018-07-24,435,3.34,3.93,26.31,13.36,zone.3,12,2.5254000000000003,0.8418000000000001,8.879999999999999,1,429.21,1.7936000000000205,-1.5290000000000274,p2
3.3,2018-07-27,435.23,NA,3.88,26.11,17.43,zone.3,13,NA,1.0899999999999999,6.099999999999998,3,429.21,7.1100000000000385,5.3164000000000176,p2
3.3,2018-07-30,439.63,NA,1.02,14.45,20.01,zone.3,14,NA,1.0899999999999999,7.609999999999999,2,429.21,7.630000000000016,0.5199999999999774,a2
3.3,2018-08-02,439.23,6.65,1,14.67,6.84,zone.3,15,2.1799999999999997,1.0899999999999999,7.77,1,429.21,6.210000000000039,-1.4199999999999768,a2
3.3,2018-08-05,433.29,NA,NA,NA,6.9,zone.3,16,NA,NA,NA,0,429.21,NA,NA,a2
3.4,2018-06-21,428.46,0,3,13.6888,NA,zone.3,0,0,NA,NA,0,425.46,0,NA,b1
3.4,2018-06-21,428.46,NA,1.0032,13.6888,NA,zone.3,1,NA,0.4004333333333334,6.6588,3,425.46,3.4004333333333334,3.4004333333333334,b1
3.4,2018-06-24,428.95,NA,1.0181,13.7758,7.03,zone.3,2,NA,0.4004333333333334,7.0858,2,425.46,2.8872333333333424,-0.513199999999991,b1
3.4,2018-06-27,429.84,3.82,1.023,15.5442,6.69,zone.3,3,1.2013000000000003,0.4004333333333334,7.6642,1,425.46,2.7591333333333288,-0.12810000000001365,b1
3.4,2018-06-30,427.49,NA,3.9207,26.1392,7.88,zone.3,4,NA,0.09166666666666679,5.799199999999999,3,425.46,2.1216666666666963,-0.6374666666666324,p1
3.4,2018-07-03,431.22,NA,3.8913,26.2533,20.34,zone.3,5,NA,0.09166666666666679,4.673300000000001,2,425.46,1.9309666666667145,-0.19069999999998188,p1
3.4,2018-07-06,434.8,8.56,3.9303,15.2558,21.58,zone.3,6,0.27500000000000036,0.09166666666666679,-4.644199999999998,1,425.46,1.6196666666666983,-0.3113000000000161,p1
3.4,2018-07-09,429.79,NA,1.0158,13.9694,19.9,zone.3,7,NA,0.2713666666666666,5.7294,3,425.46,4.601366666666707,2.981700000000009,a1.b2
3.4,2018-07-12,430.8,NA,0.998,14.1672,8.24,zone.3,8,NA,0.2713666666666666,5.447199999999999,2,425.46,4.595566666666698,-0.005800000000009575,a1.b2
3.4,2018-07-15,429.66,5.13,1.0173,13.6828,8.72,zone.3,9,0.8140999999999998,0.2713666666666666,5.072800000000001,1,425.46,2.457566666666712,-2.1379999999999857,a1.b2
3.4,2018-07-18,426.11,NA,0.986,15.3836,8.61,zone.3,10,NA,-0.34223333333333333,10.3936,3,425.46,0.30776666666670077,-2.149800000000011,a1.b2
3.4,2018-07-23,430.8,NA,3.8,23.2,4.99,zone.3,11,NA,-0.34223333333333333,3.2399999999999984,2,425.46,4.0117666666666985,3.7039999999999975,p2
3.4,2018-07-24,432.24,6.83,3.89,26.03,19.96,zone.3,12,-1.0267,-0.34223333333333333,8.23,1,425.46,1.6517666666666964,-2.360000000000002,p2
3.4,2018-07-27,431.35,NA,3.91,26.99,17.8,zone.3,13,NA,1.3050000000000002,6.859999999999999,3,425.46,7.195000000000043,5.543233333333347,p2
3.4,2018-07-30,434.62,NA,1,14.42,20.13,zone.3,14,NA,1.3050000000000002,7.96,2,425.46,6.555000000000025,-0.6400000000000183,a2
3.4,2018-08-02,434.04,6.19,1,13.67,6.46,zone.3,15,2.6100000000000003,1.3050000000000002,5.67,1,425.46,4.9750000000000405,-1.579999999999984,a2
3.4,2018-08-05,429.34,NA,1.01,13.5,8,zone.3,16,NA,NA,NA,0,425.46,NA,NA,a2
3.5,2018-06-21,424.22,0,3,13.6281,NA,zone.3,0,0,NA,NA,0,421.22,0,NA,b1
3.5,2018-06-21,424.22,NA,1.0583,13.6281,NA,zone.3,1,NA,0.34873333333333356,7.4481,3,421.22,3.3487333333333336,3.3487333333333336,b1
3.5,2018-06-24,425.19,NA,1.0079,14.825,6.18,zone.3,2,NA,0.34873333333333356,7.344999999999999,2,421.22,3.260433333333304,-0.08830000000002958,b1
3.5,2018-06-27,426.48,4.02,0.9815,13.6789,7.48,zone.3,3,1.0462000000000007,0.34873333333333356,6.4289000000000005,1,421.22,3.542533333333324,0.2821000000000202,b1
3.5,2018-06-30,423.31,NA,3.8327,25.1742,7.25,zone.3,4,NA,-0.021533333333333477,8.0442,3,421.22,2.0684666666666414,-1.4740666666666828,p1
3.5,2018-07-03,428.56,NA,3.8712,25.2971,17.13,zone.3,5,NA,-0.021533333333333477,3.397100000000002,2,421.22,3.4857666666666414,1.4173,p1
3.5,2018-07-06,430.53,8.75,3.8551,25.7949,21.9,zone.3,6,-0.06460000000000043,-0.021533333333333477,7.354899999999997,1,421.22,1.584566666666612,-1.9012000000000293,p1
3.5,2018-07-09,426.54,NA,1.007,14.3256,18.44,zone.3,7,NA,0.20299999999999999,5.435599999999999,3,421.22,5.5229999999999935,3.938433333333381,a1.b2
3.5,2018-07-12,428.43,NA,0.9869,14.3042,8.89,zone.3,8,NA,0.20299999999999999,5.3942,2,421.22,6.40599999999998,0.8829999999999867,a1.b2
3.5,2018-07-15,428.05,5.24,0.552,13.7528,8.91,zone.3,9,0.609,0.20299999999999999,3.1928,1,421.22,5.039099999999984,-1.3668999999999958,a1.b2
3.5,2018-07-18,423.16,NA,1.019,14.215,10.56,zone.3,10,NA,-0.06300000000000001,5.105,3,421.22,1.8769999999999978,-3.1620999999999864,a1.b2
3.5,2018-07-21,423.76,NA,3.94,25.62,9.11,zone.3,11,NA,-0.06300000000000001,3.75,2,421.22,1.4579999999999638,-0.419000000000034,p2
3.5,2018-07-24,425.56,5.7,3.91,20.51,21.87,zone.3,12,-0.18900000000000006,-0.06300000000000001,3.1300000000000026,1,421.22,-0.6820000000000249,-2.1399999999999886,p2
3.5,2018-07-27,427.45,NA,3.9,25.76,17.38,zone.3,13,NA,0.5350000000000006,4.790000000000003,3,421.22,6.7649999999999615,7.446999999999987,p2
3.5,2018-07-30,430.14,NA,0.98,14.06,20.97,zone.3,14,NA,0.5350000000000006,5.890000000000001,2,421.22,5.554999999999959,-1.2100000000000026,a2
3.5,2018-08-02,430.59,7.72,1,13.6,8.17,zone.3,15,1.0700000000000012,0.5350000000000006,2.049999999999999,1,421.22,5.024999999999947,-0.5300000000000118,a2
3.5,2018-08-05,422.58,NA,1.01,13.92,11.55,zone.3,16,NA,NA,NA,0,421.22,NA,NA,a2
3.6,2018-06-21,431.95,0,3,13.8814,NA,zone.3,0,0,NA,NA,0,428.95,0,NA,b1
3.6,2018-06-21,431.95,NA,1.065,13.8814,NA,zone.3,1,NA,1.3164333333333331,6.3614,3,428.95,4.316433333333333,4.316433333333333,b1
3.6,2018-06-24,432.57,NA,1.0343,14.6559,7.52,zone.3,2,NA,1.3164333333333331,5.6259000000000015,2,428.95,3.8714333333333375,-0.44499999999999584,b1
3.6,2018-06-27,433.58,1.15,0.9831,16.1756,9.03,zone.3,3,3.9492999999999996,1.3164333333333331,7.3355999999999995,1,428.95,3.8471333333333284,-0.024300000000009092,b1
3.6,2018-06-30,432.84,NA,3.9383,26.1483,8.84,zone.3,4,NA,-0.4423666666666666,6.208299999999998,3,428.95,3.44763333333332,-0.3995000000000086,p1
3.6,2018-07-03,436.2,NA,3.9215,25.5135,19.94,zone.3,5,NA,-0.4423666666666666,6.573499999999999,2,428.95,2.8693333333333335,-0.5782999999999863,p1
3.6,2018-07-06,440.5,10.17,3.9064,26.6615,18.94,zone.3,6,-1.3270999999999997,-0.4423666666666666,5.8515000000000015,1,428.95,3.247833333333345,0.3785000000000114,p1
3.6,2018-07-10,432.32,NA,1.0248,14.1388,20.81,zone.3,7,NA,-0.24653333333333313,4.268800000000001,3,428.95,3.1234666666666713,-0.12436666666667362,a1.b2
3.6,2018-07-12,434.56,NA,1.0392,14.2821,9.87,zone.3,8,NA,-0.24653333333333313,6.9821,2,428.95,4.338666666666681,1.2152000000000096,a1.b2
3.6,2018-07-15,433.34,6.71,1.0374,13.9513,7.3,zone.3,9,-0.7395999999999994,-0.24653333333333313,6.5912999999999995,1,428.95,2.079466666666653,-2.259200000000028,a1.b2
3.6,2018-07-18,430.08,NA,0.9963,13.2502,7.36,zone.3,10,NA,0.4512333333333336,6.4402,3,428.95,1.581233333333329,-0.498233333333324,a1.b2
3.6,2018-07-21,430.27,NA,3.88,25.38,6.81,zone.3,11,NA,0.4512333333333336,6.509999999999998,2,428.95,0.7749333333333268,-0.8063000000000022,p2
3.6,2018-07-24,432.69,4.56,3.9,26.58,18.87,zone.3,12,1.3537000000000008,0.4512333333333336,10.189999999999998,1,428.95,-0.6850666666666572,-1.459999999999984,p2
3.6,2018-07-27,433.88,NA,3.92,26.01,16.39,zone.3,13,NA,0.5500000000000003,6.800000000000001,3,428.95,5.4800000000000075,6.1650666666666645,p2
3.6,2018-07-30,438.37,NA,1,14.5,19.21,zone.3,14,NA,0.5500000000000003,6.86,2,428.95,6.050000000000017,0.5700000000000092,a2
3.6,2018-08-02,437.56,7.72,1,13.6,7.64,zone.3,15,1.1000000000000005,0.5500000000000003,4.889999999999999,1,428.95,4.240000000000014,-1.8100000000000023,a2
3.6,2018-08-05,439.24,NA,0.98,13.75,8.71,zone.3,16,NA,NA,NA,0,428.95,NA,NA,a2
3.7,2018-06-21,431.77,0,3,13.9895,NA,zone.3,0,0,NA,NA,0,428.77,0,NA,b1
3.7,2018-06-21,431.77,NA,1.0164,13.9895,NA,zone.3,1,NA,1.3262333333333334,6.6895,3,428.77,4.326233333333334,4.326233333333334,b1
3.7,2018-06-24,431.91,NA,1.0423,14.6709,7.3,zone.3,2,NA,1.3262333333333334,4.040899999999999,2,428.77,3.449833333333377,-0.8763999999999568,b1
3.7,2018-06-27,429.84,1.08,1.0109,14.5563,10.63,zone.3,3,3.9787,1.3262333333333334,4.776300000000001,1,428.77,0.3375333333333266,-3.11230000000005,b1
3.7,2018-06-30,431.84,NA,3.1754,26.4026,9.78,zone.3,4,NA,-0.4667333333333339,4.7425999999999995,3,428.77,2.6032666666666593,2.2657333333333325,p1
3.7,2018-07-03,435.33,NA,3.8835,25.1701,21.66,zone.3,5,NA,-0.4667333333333339,6.530100000000001,2,428.77,2.9178666666666686,0.3146000000000093,p1
3.7,2018-07-06,441.5,9.47,3.9275,25.4302,18.64,zone.3,6,-1.4002000000000017,-0.4667333333333339,8.220199999999998,1,428.77,5.204366666666685,2.286500000000016,p1
3.7,2018-07-09,435.04,NA,1.032,14.4971,17.21,zone.3,7,NA,0.47000000000000003,4.4571000000000005,3,428.77,6.740000000000038,1.5356333333333536,a1.b2
3.7,2018-07-12,435.58,NA,1.0405,13.7288,10.04,zone.3,8,NA,0.47000000000000003,6.3588,2,428.77,6.248000000000002,-0.4920000000000364,a1.b2
3.7,2018-07-15,437.7,4.59,0.9933,14.5154,7.37,zone.3,9,1.4100000000000001,0.47000000000000003,6.4354,1,428.77,7.327500000000007,1.0795000000000048,a1.b2
3.7,2018-07-18,432,NA,1.0016,14.087,8.08,zone.3,10,NA,0.6166333333333336,8.117,3,428.77,3.846633333333352,-3.480866666666655,a1.b2
3.7,2018-07-21,431.9,NA,3.915,25.75,5.97,zone.3,11,NA,0.6166333333333336,6.989999999999998,2,428.77,2.745033333333329,-1.1016000000000226,p2
3.7,2018-07-24,435.59,4.06,3.89,26.87,18.76,zone.3,12,1.8499000000000008,0.6166333333333336,7.620000000000001,1,428.77,2.520033333333327,-0.2250000000000023,p2
3.7,2018-07-27,436.04,NA,1.9,25.33,19.25,zone.3,13,NA,-0.02499999999999991,8.409999999999997,3,428.77,7.245000000000038,4.724966666666711,p2
3.7,2018-07-30,440.95,NA,1.01,13.81,16.92,zone.3,14,NA,-0.02499999999999991,7.0600000000000005,2,428.77,10.255000000000006,3.009999999999968,a2
3.7,2018-08-02,439.96,6.85,1,13.89,6.75,zone.3,15,-0.04999999999999982,-0.02499999999999991,5.67,1,428.77,8.254999999999997,-2.000000000000009,a2
3.7,2018-08-05,433.99,NA,1,13.92,8.22,zone.3,16,NA,NA,NA,0,428.77,NA,NA,a2
4.1,2018-06-21,436.57,0,3,11.3621,NA,zone.4,0,0,NA,NA,0,433.57,0,NA,b1
4.1,2018-06-21,436.57,NA,0.746,11.3621,NA,zone.4,1,NA,0.7133666666666666,5.0821,3,433.57,3.7133666666666665,3.7133666666666665,b1
4.1,2018-06-24,436.63,NA,0.7541,11.8678,6.28,zone.4,2,NA,0.7133666666666666,5.657800000000001,2,433.57,3.0273666666666688,-0.6859999999999977,b1
4.1,2018-06-27,435.44,2.36,0.7019,11.7628,6.21,zone.4,3,2.1401,0.7133666666666666,5.082800000000001,1,433.57,1.0832666666666713,-1.9440999999999975,b1
4.1,2018-06-30,432.77,NA,1.571,20.4395,6.68,zone.4,4,NA,0.11536666666666677,9.5695,3,433.57,-0.6846333333333446,-1.767900000000016,p1
4.1,2018-07-03,435.73,NA,1.6032,20.4365,10.87,zone.4,5,NA,0.11536666666666677,9.446499999999999,2,433.57,0.7043666666666918,1.3890000000000364,p1
4.1,2018-07-06,438.93,3.53,1.6127,19.1888,10.99,zone.4,6,0.3461000000000003,0.11536666666666677,3.838800000000001,1,433.57,2.3011666666666803,1.5967999999999885,p1
4.1,2018-07-09,433.51,NA,0.7154,11.7877,15.35,zone.4,7,NA,0.3944999999999999,4.337699999999999,3,433.57,0.33449999999999763,-1.9666666666666828,a1.b2
4.1,2018-07-12,434.79,NA,0.7154,11.1429,7.45,zone.4,8,NA,0.3944999999999999,3.5928999999999993,2,433.57,0.8991000000000271,0.5646000000000295,a1.b2
4.1,2018-07-15,433.01,1.86,0.7882,12.3611,7.55,zone.4,9,1.1834999999999998,0.3944999999999999,5.351100000000001,1,433.57,-1.5963000000000025,-2.4954000000000294,a1.b2
4.1,2018-07-18,432.03,NA,0.7587,12.3276,7.01,zone.4,10,NA,0.19896666666666674,5.2976,3,433.57,-1.3410333333333537,0.25526666666664877,a1.b2
4.1,2018-07-21,432.25,NA,1.62,19.55,7.03,zone.4,11,NA,0.19896666666666674,3.2600000000000016,2,433.57,-1.8797333333333266,-0.5386999999999729,p2
4.1,2018-07-24,431.82,2.57,1.6,20.44,16.29,zone.4,12,0.5969000000000002,0.19896666666666674,10.040000000000001,1,433.57,-3.9297333333333335,-2.050000000000007,p2
4.1,2018-07-27,431.58,NA,1.63,18.64,10.4,zone.4,13,NA,0.2999999999999998,2.7300000000000004,3,433.57,-1.6900000000000093,2.2397333333333242,p2
4.1,2018-07-30,434.81,NA,0.78,12.37,15.91,zone.4,14,NA,0.2999999999999998,5.389999999999999,2,433.57,-0.08999999999999098,1.6000000000000183,a2
4.1,2018-08-02,435.56,3.41,0.75,11.75,6.98,zone.4,15,0.5999999999999996,0.2999999999999998,9.94,1,433.57,-0.119999999999991,-0.030000000000000027,a2
4.1,2018-08-05,434.02,NA,0.75,11.82,1.81,zone.4,16,NA,NA,NA,0,433.57,NA,NA,a2
4.2,2018-06-21,437.02,0,3,11.1516,NA,zone.4,0,0,NA,NA,0,434.02,0,NA,b1
4.2,2018-06-21,437.02,NA,0.7351,11.1516,NA,zone.4,1,NA,-0.26933333333333326,3.9016,3,434.02,2.7306666666666666,2.7306666666666666,b1
4.2,2018-06-24,437.06,NA,0.7269,10.8268,7.25,zone.4,2,NA,-0.26933333333333326,3.726800000000001,2,434.02,2.035566666666687,-0.6950999999999796,b1
4.2,2018-06-27,437.91,5.27,0.724,11.7029,7.1,zone.4,3,-0.8079999999999998,-0.26933333333333326,2.5129,1,434.02,2.1586666666667096,0.12310000000002264,b1
4.2,2018-06-30,433.52,NA,1.6281,19.9211,9.19,zone.4,4,NA,0.09109999999999996,10.761099999999999,3,434.02,-0.40890000000000004,-2.5675666666667096,p1
4.2,2018-07-03,433.16,NA,1.6212,19.9117,9.16,zone.4,5,NA,0.09109999999999996,7.3917,2,434.02,-2.3969999999999567,-1.9880999999999567,p1
4.2,2018-07-06,437.38,3.7,1.6282,20.0568,12.52,zone.4,6,0.2732999999999999,0.09109999999999996,8.7968,1,434.02,0.20180000000001352,2.5987999999999705,p1
4.2,2018-07-09,435.63,NA,0.7635,11.4405,11.26,zone.4,7,NA,0.26900000000000013,4.7005,3,434.02,1.8790000000000138,1.6772000000000002,a1.b2
4.2,2018-07-12,435.63,NA,0.7353,11.5683,6.74,zone.4,8,NA,0.26900000000000013,5.018300000000001,2,434.02,1.1155000000000137,-0.7635000000000001,a1.b2
4.2,2018-07-15,436.01,2.32,0.7648,11.860900000000001,6.55,zone.4,9,0.8070000000000004,0.26900000000000013,4.070900000000001,1,434.02,0.7602000000000092,-0.3553000000000045,a1.b2
4.2,2018-07-18,434.01,NA,0.747,10.9585,7.79,zone.4,10,NA,0.19060000000000002,4.458500000000001,3,434.02,0.18060000000000911,-0.5796000000000001,a1.b2
4.2,2018-07-21,434.55,NA,1.6,19.4,6.5,zone.4,11,NA,0.19060000000000002,11.86,2,434.02,-0.02639999999997042,-0.20699999999997953,p2
4.2,2018-07-24,436.55,2.54,1.6,20.74,7.54,zone.4,12,0.5718000000000001,0.19060000000000002,12.009999999999998,1,434.02,0.37360000000002946,0.3999999999999999,p2
4.2,2018-07-27,435.86,NA,1.61,19.89,8.73,zone.4,13,NA,0.5999999999999999,6.4,3,434.02,2.4400000000000315,2.066400000000002,p2
4.2,2018-07-30,436.51,NA,0.73,12.67,13.49,zone.4,14,NA,0.5999999999999999,6.4,2,434.02,1.4800000000000089,-0.9600000000000226,a2
4.2,2018-08-02,437.07,2.74,0.75,11.62,6.27,zone.4,15,1.1999999999999997,0.5999999999999999,10.53,1,434.02,1.3100000000000112,-0.1699999999999977,a2
4.2,2018-08-05,435.96,NA,0.76,12.31,1.09,zone.4,16,NA,NA,NA,0,434.02,NA,NA,a2
4.3,2018-06-21,427.66,0,3,10.6192,NA,zone.4,0,0,NA,NA,0,424.66,0,NA,b1
4.3,2018-06-21,427.66,NA,0.7547,10.6192,NA,zone.4,1,NA,0.8055333333333334,4.839199999999999,3,424.66,3.8055333333333334,3.8055333333333334,b1
4.3,2018-06-24,427.62,NA,0.7719,10.9217,5.78,zone.4,2,NA,0.8055333333333334,5.2517,2,424.66,3.010833333333313,-0.7947000000000206,b1
4.3,2018-06-27,428.26,2.11,0.717,12.0148,5.67,zone.4,3,2.4166000000000003,0.8055333333333334,5.0047999999999995,1,424.66,2.878933333333299,-0.13190000000001367,b1
4.3,2018-06-30,426.88,NA,1.6025,20.7385,7.01,zone.4,4,NA,0.5589,7.668499999999998,3,424.66,2.7788999999999704,-0.10003333333332876,p1
4.3,2018-07-03,428.34,NA,1.5972,20.119,13.07,zone.4,5,NA,0.5589,10.229,2,424.66,2.63639999999995,-0.1425000000000205,p1
4.3,2018-07-06,430.92,2.24,1.6241,19.7397,9.89,zone.4,6,1.6766999999999999,0.5589,10.3697,1,424.66,3.619199999999991,0.982800000000041,p1
4.3,2018-07-09,429.34,NA,0.7418,11.8665,9.37,zone.4,7,NA,0.5740666666666666,5.5765,3,424.66,5.254066666666617,1.634866666666626,a1.b2
4.3,2018-07-12,428.3,NA,0.7163,11.8079,6.29,zone.4,8,NA,0.5740666666666666,5.3479,2,424.66,3.472266666666653,-1.781799999999964,a1.b2
4.3,2018-07-15,427.34,1.36,0.7615,12.056,6.46,zone.4,9,1.7221999999999997,0.5740666666666666,6.075999999999999,1,424.66,1.7959666666666165,-1.6763000000000363,a1.b2
4.3,2018-07-18,427.11,NA,0.7472,12.3137,5.98,zone.4,10,NA,0.26623333333333327,6.2437000000000005,3,424.66,2.7162333333333217,0.9202666666667052,a1.b2
4.3,2018-07-21,426.98,NA,1.6,13.4,6.07,zone.4,11,NA,0.26623333333333327,4.68,2,424.66,1.8390333333333266,-0.8771999999999951,p2
4.3,2018-07-24,428.32,2.31,1.59,20.21,8.72,zone.4,12,0.7986999999999997,0.26623333333333327,12.84,1,424.66,1.5790333333333015,-0.2600000000000251,p2
4.3,2018-07-27,430.57,NA,1.62,19.98,7.37,zone.4,13,NA,1.21,10.3,3,424.66,7.119999999999968,5.540966666666667,p2
4.3,2018-07-30,432.11,NA,0.78,11.52,9.68,zone.4,14,NA,1.21,4.909999999999999,2,424.66,7.0399999999999885,-0.07999999999997964,a2
4.3,2018-08-02,429.31,1.57,0.75,14.59,6.61,zone.4,15,2.42,1.21,7.16,1,424.66,3.459999999999977,-3.5800000000000116,a2
4.3,2018-08-05,429,NA,0.73,11.4,7.43,zone.4,16,NA,NA,NA,0,424.66,NA,NA,a2
4.4,2018-06-21,424.52,0,3,11.7237,NA,zone.4,0,0,NA,NA,0,421.52,0,NA,b1
4.4,2018-06-21,424.52,NA,0.7611,11.7237,NA,zone.4,1,NA,0.8939333333333334,5.043699999999999,3,421.52,3.8939333333333335,3.8939333333333335,b1
4.4,2018-06-24,423.76,NA,0.7407,10.4405,6.68,zone.4,2,NA,0.8939333333333334,4.7005,2,421.52,2.3728333333333427,-1.5210999999999908,b1
4.4,2018-06-27,423.46,1.82,0.7165,11.7062,5.74,zone.4,3,2.6818,0.8939333333333334,5.676200000000001,1,421.52,1.3321333333333312,-1.0407000000000115,b1
4.4,2018-06-30,422.56,NA,1.5811,19.796,6.03,zone.4,4,NA,0.3862333333333334,8.636,3,421.52,1.426233333333354,0.09410000000002272,p1
4.4,2018-07-03,425.49,NA,1.5811,29.1526,11.16,zone.4,5,NA,0.3862333333333334,18.5726,2,421.52,2.7751333333333603,1.3489000000000064,p1
4.4,2018-07-06,428.56,2.72,1.5684,18.5588,10.58,zone.4,6,1.1587,0.3862333333333334,8.398800000000001,1,421.52,4.264033333333353,1.488899999999993,p1
4.4,2018-07-09,424.13,NA,0.7535,11.8163,10.16,zone.4,7,NA,0.44483333333333325,1.0263000000000009,3,421.52,3.054833333333347,-1.2092000000000063,a1.b2
4.4,2018-07-12,424.38,NA,0.7226,11.4626,10.79,zone.4,8,NA,0.44483333333333325,4.0126,2,421.52,2.551333333333347,-0.5034999999999998,a1.b2
4.4,2018-07-15,425.25,1.71,0.7784,11.7803,7.45,zone.4,9,1.3344999999999998,0.44483333333333325,4.3203000000000005,1,421.52,2.698733333333352,0.14740000000000464,a1.b2
4.4,2018-07-18,422.48,NA,0.747,11.4123,7.46,zone.4,10,NA,0.4051333333333333,3.5023,3,421.52,1.3651333333333697,-1.3335999999999821,a1.b2
4.4,2018-07-21,422.729,NA,1.61,19.08,7.91,zone.4,11,NA,0.4051333333333333,6.229999999999999,2,421.52,0.8671333333333364,-0.4980000000000333,p2
4.4,2018-07-24,424.02,1.92,1.63,20.69,12.85,zone.4,12,1.2153999999999998,0.4051333333333333,10.150000000000002,1,421.52,0.5481333333333331,-0.3190000000000033,p2
4.4,2018-07-27,424.4,NA,1.58,20.72,10.54,zone.4,13,NA,1.42,5.77,3,421.52,4.299999999999995,3.751866666666662,p2
4.4,2018-07-30,425.41,NA,0.75,12.05,14.95,zone.4,14,NA,1.42,5.11,2,421.52,3.730000000000043,-0.5699999999999523,a2
4.4,2018-08-02,424.82,1.12,0.76,11.07,6.94,zone.4,15,2.84,1.42,5.25,1,421.52,2.3900000000000112,-1.3400000000000318,a2
4.4,2018-08-05,423.26,NA,0.74,12.44,5.82,zone.4,16,NA,NA,NA,0,421.52,NA,NA,a2
4.5,2018-06-21,427.53,0,3,10.5238,NA,zone.4,0,0,NA,NA,0,424.53,0,NA,b1
4.5,2018-06-21,427.53,NA,0.7518,10.5238,NA,zone.4,1,NA,0.3347000000000002,4.6338,3,424.53,3.3347,3.3347,b1
4.5,2018-06-24,427.56,NA,0.7823,12.0419,5.89,zone.4,2,NA,0.3347000000000002,5.5419,2,424.53,2.6129000000000295,-0.7217999999999707,b1
4.5,2018-06-27,428.41,3.53,0.7505,11.3414,6.5,zone.4,3,1.0041000000000007,0.3347000000000002,5.7514,1,424.53,2.680600000000052,0.06770000000002252,b1
4.5,2018-06-30,425.04,NA,1.6281,20.409,5.59,zone.4,4,NA,0.1051333333333333,11.289,3,424.53,0.615133333333381,-2.065466666666671,p1
4.5,2018-07-03,427.76,NA,1.6168,18.9227,9.12,zone.4,5,NA,0.1051333333333333,7.432699999999999,2,424.53,1.7070333333333514,1.0918999999999703,p1
4.5,2018-07-06,430.69,3.68,1.6146,19.9098,11.49,zone.4,6,0.3153999999999999,0.1051333333333333,4.5298,1,424.53,3.020233333333359,1.3132000000000075,p1
4.5,2018-07-09,426.46,NA,0.7385,11.8189,15.38,zone.4,7,NA,0.2935666666666667,5.338899999999999,3,424.53,2.2235666666666734,-0.7966666666666855,a1.b2
4.5,2018-07-12,426.77,NA,0.7776,11.6688,6.48,zone.4,8,NA,0.2935666666666667,5.018799999999999,2,424.53,1.7950666666666757,-0.42849999999999766,a1.b2
4.5,2018-07-15,428.6,2.25,0.7809,11.8693,6.65,zone.4,9,0.8807,0.2935666666666667,4.779300000000001,1,424.53,2.8474666666667163,1.0524000000000406,a1.b2
4.5,2018-07-18,425.42,NA,0.7243,11.4123,7.09,zone.4,10,NA,0.21840000000000007,4.8823,3,424.53,1.1084000000000434,-1.739066666666673,a1.b2
4.5,2018-07-21,425.94,NA,1.62,19.49,6.53,zone.4,11,NA,0.21840000000000007,6.829999999999998,2,424.53,0.904100000000025,-0.20430000000001836,p2
4.5,2018-07-24,427.26,2.47,1.58,20.58,12.66,zone.4,12,0.6552000000000002,0.21840000000000007,11.399999999999999,1,424.53,0.6041000000000181,-0.30000000000000693,p2
4.5,2018-07-27,428.96,NA,1.6,20.45,9.18,zone.4,13,NA,0.7350000000000001,7.229999999999999,3,424.53,5.165000000000007,4.5608999999999895,p2
4.5,2018-07-30,425.84,NA,0.75,12.23,13.22,zone.4,14,NA,0.7350000000000001,5.28,2,424.53,0.4450000000000023,-4.720000000000005,a2
4.5,2018-08-02,428.45,2.46,0.75,11.21,6.95,zone.4,15,1.4700000000000002,0.7350000000000001,4.300000000000001,1,424.53,2.3050000000000157,1.8600000000000134,a2
4.5,2018-08-05,426.44,NA,0.76,11.8,6.91,zone.4,16,NA,NA,NA,0,424.53,NA,NA,a2
4.6,2018-06-21,435.24,0,3,11.6295,NA,zone.4,0,0,NA,NA,0,432.24,0,NA,b1
4.6,2018-06-21,435.24,NA,0.7634,11.6295,NA,zone.4,1,NA,0.8936666666666665,4.9395,3,432.24,3.8936666666666664,3.8936666666666664,b1
4.6,2018-06-24,435.9,NA,0.7276,11.2936,6.69,zone.4,2,NA,0.8936666666666665,4.973599999999999,2,432.24,3.7902666666666347,-0.10340000000003169,b1
4.6,2018-06-27,435.7,1.81,0.7727,11.607,6.32,zone.4,3,2.6809999999999996,0.8936666666666665,4.3469999999999995,1,432.24,2.8626666666666463,-0.9275999999999884,b1
4.6,2018-06-30,434.74,NA,1.6022,23.7422,7.26,zone.4,4,NA,0.5347000000000001,10.6122,3,432.24,3.0347,0.1720333333333537,p1
4.6,2018-07-03,436.15,NA,1.5692,20.0415,13.13,zone.4,5,NA,0.5347000000000001,10.9315,2,432.24,2.8424999999999683,-0.19220000000003168,p1
4.6,2018-07-06,439.07,2.34,1.6023,15.7435,9.11,zone.4,6,1.6041000000000003,0.5347000000000001,4.0634999999999994,1,432.24,4.193299999999984,1.3508000000000155,p1
4.6,2018-07-09,436.28,NA,0.7341,11.4928,11.68,zone.4,7,NA,0.15323333333333342,4.752800000000001,3,432.24,4.193233333333297,-6.666666668664334e-5,a1.b2
4.6,2018-07-12,436.02,NA,0.7733,11.6905,6.74,zone.4,8,NA,0.15323333333333342,4.9105,2,432.24,3.1991333333333065,-0.9940999999999907,a1.b2
4.6,2018-07-15,435.15,2.65,0.7882,11.735900000000001,6.78,zone.4,9,0.4597000000000002,0.15323333333333342,4.7959000000000005,1,432.24,1.5558333333333016,-1.6433000000000049,a1.b2
4.6,2018-07-18,433.46,NA,0.727,11.991,6.94,zone.4,10,NA,0.11173333333333331,5.141,3,432.24,1.3317333333333037,-0.22409999999999797,a1.b2
4.6,2018-07-21,433.55,NA,1.64,18.82,6.85,zone.4,11,NA,0.11173333333333331,1.5599999999999987,2,432.24,0.6947333333333356,-0.636999999999968,p2
4.6,2018-07-24,432.27,2.82,1.6,20.05,17.26,zone.4,12,0.33519999999999994,0.11173333333333331,2.2699999999999996,1,432.24,-2.225266666666694,-2.9200000000000292,p2
4.6,2018-07-27,434.02,NA,1.62,20.27,17.78,zone.4,13,NA,0.17500000000000004,2.870000000000001,3,432.24,1.9549999999999728,4.180266666666666,p2
4.6,2018-07-30,434.87,NA,0.75,11.42,17.4,zone.4,14,NA,0.17500000000000004,3.9799999999999995,2,432.24,1.1849999999999954,-0.7699999999999774,a2
4.6,2018-08-02,433.64,3.62,0.75,11.34,7.44,zone.4,15,0.3500000000000001,0.17500000000000004,3.49,1,432.24,-0.7950000000000228,-1.9800000000000182,a2
4.6,2018-08-05,434,NA,0.72,12.23,7.85,zone.4,16,NA,NA,NA,0,432.24,NA,NA,a2
4.7,2018-06-21,426.11,0,3,10.7716,NA,zone.4,0,0,NA,NA,0,423.11,0,NA,b1
4.7,2018-06-21,426.11,NA,0.7428,10.7716,NA,zone.4,1,NA,0.9593999999999999,5.561599999999999,3,423.11,3.9594,3.9594,b1
4.7,2018-06-24,426.7,NA,0.7154,11.3275,5.21,zone.4,2,NA,0.9593999999999999,4.367500000000001,2,423.11,3.806599999999975,-0.15280000000002492,b1
4.7,2018-06-27,426.95,1.58,0.7784,11.5016,6.96,zone.4,3,2.8781999999999996,0.9593999999999999,4.9516,1,423.11,3.3411999999999753,-0.4653999999999998,b1
4.7,2018-06-30,425.84,NA,1.6055,19.9695,6.55,zone.4,4,NA,-0.12453333333333354,9.3495,3,423.11,2.605466666666628,-0.7357333333333473,p1
4.7,2018-07-03,428.8,NA,1.6025,21.2543,10.62,zone.4,5,NA,-0.12453333333333354,7.494300000000001,2,423.11,3.959966666666664,1.3545000000000362,p1
4.7,2018-07-06,431.18,4.36,1.6185,19.2331,13.76,zone.4,6,-0.3736000000000006,-0.12453333333333354,5.9731000000000005,1,423.11,4.737466666666659,0.777499999999995,p1
4.7,2018-07-09,426.36,NA,0.7841,11.7288,13.26,zone.4,7,NA,0.27906666666666674,4.328799999999999,3,423.11,3.5290666666666666,-1.2083999999999926,a1.b2
4.7,2018-07-12,426.88,NA,0.7746,11.6501,7.4,zone.4,8,NA,0.27906666666666674,5.1001,2,423.11,3.2649666666666484,-0.2641000000000182,a1.b2
4.7,2018-07-15,428.17,2.34,0.769,11.1783,6.55,zone.4,9,0.8372000000000002,0.27906666666666674,5.0183,1,423.11,3.7803666666666693,0.515400000000021,a1.b2
4.7,2018-07-18,424.37,NA,0.7159,11.0099,6.16,zone.4,10,NA,0.30163333333333336,3.8998999999999997,3,423.11,1.5616333333333243,-2.218733333333345,a1.b2
4.7,2018-07-21,424.7,NA,1.61,19.6,7.11,zone.4,11,NA,0.30163333333333336,7.050000000000001,2,423.11,1.1757333333333084,-0.3859000000000159,p2
4.7,2018-07-24,423.33,2.19,1.61,20.95,12.55,zone.4,12,0.9049,0.30163333333333336,8.69,1,423.11,-1.804266666666696,-2.9800000000000044,p2
4.7,2018-07-27,426.16,NA,1.6,19.84,12.26,zone.4,13,NA,0.44499999999999984,3.5700000000000003,3,423.11,3.495000000000011,5.299266666666707,p2
4.7,2018-07-30,427.89,NA,0.76,11.68,16.27,zone.4,14,NA,0.44499999999999984,4.29,2,423.11,3.6249999999999725,0.12999999999996126,a2
4.7,2018-08-02,427.35,3.08,0.73,11.68,7.39,zone.4,15,0.8899999999999997,0.44499999999999984,2.1899999999999995,1,423.11,2.325000000000009,-1.2999999999999634,a2
4.7,2018-08-05,425.65,NA,0.78,11.67,9.49,zone.4,16,NA,NA,NA,0,423.11,NA,NA,a2
