id,date,mc_mass,p_mass_rm,p_mass_fd,n_mass_fd,n_mass_rm,treatment,fd.day,p_mass_cons,p_mass_cons_avg,n_mass_cons,fd.day.count,mc_mass_init,mc_mass_true,pulse_cat
1.1,2018-11-10,431.21,0,3,NA,NA,zone.1,0,0,NA,NA,0,428.21,0,b1
1.1,2018-11-13,431.21,NA,1.04,13.21,18.1,zone.1,1,NA,0.65,4.470000000000001,3,428.21,3.65,b1
1.1,2018-11-16,432.03,NA,1.03,15.15,8.74,zone.1,2,NA,0.65,7.1,2,428.21,3.429999999999993,b1
1.1,2018-11-20,432.9,3.12,0.98,14,8.05,zone.1,3,1.9500000000000002,0.65,6.07,1,428.21,3.2699999999999974,b1
1.1,2018-11-25,430.52,NA,1.01,13.65,7.93,zone.1,4,NA,0.64,5.75,3,428.21,2.9500000000000024,p1
1.1,2018-11-28,431.8,NA,1.01,13.84,7.9,zone.1,5,NA,0.64,5.57,2,428.21,3.220000000000032,p1
1.1,2018-12-01,432.76,1.08,1.07,13.93,8.27,zone.1,6,1.92,0.64,7.18,1,428.21,3.170000000000012,p1
1.1,2018-12-06,431.88,NA,1.06,14.63,6.75,zone.1,7,NA,0.4333333333333332,6.280000000000001,3,428.21,4.1033333333333495,a1.b2
1.1,2018-12-09,433.1,NA,0.97,14.18,8.35,zone.1,8,NA,0.4333333333333332,6.08,2,428.21,4.263333333333376,a1.b2
1.1,2018-12-12,433.75,1.8,1.04,14.08,8.1,zone.1,9,1.2999999999999996,0.4333333333333332,5.5600000000000005,1,428.21,3.943333333333354,a1.b2
1.1,2018-12-15,432.76,NA,0.97,13.46,8.52,zone.1,10,NA,0.040000000000000036,4.890000000000001,3,428.21,4.590000000000011,a1.b2
1.1,2018-12-18,434.11,NA,1.03,13.68,8.57,zone.1,11,NA,0.040000000000000036,4.6899999999999995,2,428.21,4.970000000000034,p2
1.1,2018-12-21,434.94,2.92,1,13.76,8.99,zone.1,12,0.1200000000000001,0.040000000000000036,6.08,1,428.21,4.770000000000018,p2
1.1,2018-12-26,432.4,NA,1.03,14.08,7.68,zone.1,13,NA,0.7333333333333334,5.619999999999999,3,428.21,4.923333333333331,p2
1.1,2018-12-30,433.52,NA,0.97,13.91,8.46,zone.1,14,NA,0.7333333333333334,5.74,2,428.21,5.013333333333335,a2
1.1,2019-01-03,434.21,0.8,1,14.19,8.17,zone.1,15,2.2,0.7333333333333334,6.989999999999999,1,428.21,4.733333333333333,a2
1.1,2019-01-06,434.42,NA,0.96,13.72,7.2,zone.1,16,NA,NA,5.540000000000001,0,428.21,NA,a2
1.1,2019-01-09,434.49,NA,1,13.59,8.18,zone.1,17,NA,NA,NA,0,428.21,NA,a2
1.2,2018-11-10,440.36,0,3,NA,NA,zone.1,0,0,NA,NA,0,437.36,0,b1
1.2,2018-11-13,440.36,NA,1.03,13.14,17.85,zone.1,1,NA,0.6133333333333336,4.800000000000001,3,437.36,3.6133333333333337,b1
1.2,2018-11-16,442.26,NA,1.07,15.15,8.34,zone.1,2,NA,0.6133333333333336,6.91,2,437.36,4.48333333333331,b1
1.2,2018-11-20,442.16,3.26,0.98,14.09,8.24,zone.1,3,1.8400000000000007,0.6133333333333336,6.14,1,437.36,3.3133333333333446,b1
1.2,2018-11-25,439.71,NA,1.04,14.06,7.95,zone.1,4,NA,0.2233333333333333,8.48,3,437.36,2.573333333333299,p1
1.2,2018-11-28,441.23,NA,1.02,13.7,5.58,zone.1,5,NA,0.2233333333333333,5.029999999999999,2,437.36,3.0533333333333377,p1
1.2,2018-12-01,442.59,2.37,1.03,14.63,8.67,zone.1,6,0.6699999999999999,0.2233333333333333,7.3100000000000005,1,437.36,3.393333333333295,p1
1.2,2018-12-06,439.12,NA,1.01,13.88,7.32,zone.1,7,NA,0.4233333333333333,4.970000000000001,3,437.36,2.1833333333333242,a1.b2
1.2,2018-12-09,442.01,NA,1.01,13.44,8.91,zone.1,8,NA,0.4233333333333333,5.89,2,437.36,4.06333333333331,a1.b2
1.2,2018-12-12,442.82,1.78,1,13.78,7.55,zone.1,9,1.2699999999999998,0.4233333333333333,4.67,1,437.36,3.8633333333333133,a1.b2
1.2,2018-12-15,441.71,NA,0.99,13.79,9.11,zone.1,10,NA,0.18000000000000002,5.52,3,437.36,4.529999999999966,a1.b2
1.2,2018-12-18,442.27,NA,1.13,14.07,8.27,zone.1,11,NA,0.18000000000000002,6.050000000000001,2,437.36,4.099999999999968,p2
1.2,2018-12-21,443.22,2.58,1.02,13.72,8.02,zone.1,12,0.54,0.18000000000000002,6.540000000000001,1,437.36,3.9200000000000137,p2
1.2,2018-12-26,440.44,NA,0.97,14.03,7.18,zone.1,13,NA,0.3933333333333333,6.02,3,437.36,3.4733333333333176,p2
1.2,2018-12-30,441.19,NA,0.97,14.34,8.01,zone.1,14,NA,0.3933333333333333,6.119999999999999,2,437.36,3.253333333333318,a2
1.2,2019-01-03,441.87,1.78,0.99,14.12,8.22,zone.1,15,1.18,0.3933333333333333,5.76,1,437.36,2.963333333333325,a2
1.2,2019-01-06,441.2,NA,1.01,13.93,8.36,zone.1,16,NA,NA,5.369999999999999,0,437.36,NA,a2
1.2,2019-01-09,442.31,NA,1.02,14.36,8.56,zone.1,17,NA,NA,NA,0,437.36,NA,a2
1.3,2018-11-10,432.81,0,3,NA,NA,zone.1,0,0,NA,NA,0,429.81,0,b1
1.3,2018-11-13,432.81,NA,0.96,13.51,18.36,zone.1,1,NA,0.5266666666666667,4.66,3,429.81,3.526666666666667,b1
1.3,2018-11-16,433.69,NA,1.04,14.59,8.85,zone.1,2,NA,0.5266666666666667,6.16,2,429.81,3.4466666666666623,b1
1.3,2018-11-20,434.39,3.42,1.03,13.58,8.43,zone.1,3,1.58,0.5266666666666667,6.0600000000000005,1,429.81,3.106666666666651,b1
1.3,2018-11-25,431.64,NA,0.98,13.59,7.52,zone.1,4,NA,0.18000000000000002,5.300000000000001,3,429.81,2.0099999999999842,p1
1.3,2018-11-28,432.92,NA,0.99,13.94,8.29,zone.1,5,NA,0.18000000000000002,4.949999999999999,2,429.81,2.310000000000014,p1
1.3,2018-12-01,434.6,2.46,1.07,13.94,8.99,zone.1,6,0.54,0.18000000000000002,6.6899999999999995,1,429.81,3.0000000000000204,p1
1.3,2018-12-06,431.8,NA,1.03,14.46,7.25,zone.1,7,NA,0.3966666666666668,5.800000000000001,3,429.81,2.386666666666676,a1.b2
1.3,2018-12-09,433.65,NA,1.01,13.91,8.66,zone.1,8,NA,0.3966666666666668,5.48,2,429.81,3.2066666666666417,a1.b2
1.3,2018-12-12,434.68,1.92,0.98,13.51,8.43,zone.1,9,1.1900000000000004,0.3966666666666668,5.26,1,429.81,3.2266666666666715,a1.b2
1.3,2018-12-15,433.16,NA,1,13.46,8.25,zone.1,10,NA,0.08000000000000007,5.1800000000000015,3,429.81,3.430000000000023,a1.b2
1.3,2018-12-18,434.27,NA,1.01,13.6,8.28,zone.1,11,NA,0.08000000000000007,5.119999999999999,2,429.81,3.5399999999999796,p2
1.3,2018-12-21,435.22,2.75,1,13.89,8.48,zone.1,12,0.2400000000000002,0.08000000000000007,5.440000000000001,1,429.81,3.4800000000000253,p2
1.3,2018-12-26,432.77,NA,1.02,13.11,8.45,zone.1,13,NA,0.14333333333333323,2.91,3,429.81,3.1033333333333126,p2
1.3,2018-12-30,433.64,NA,0.99,14.06,10.2,zone.1,14,NA,0.14333333333333323,6.41,2,429.81,2.953333333333317,a2
1.3,2019-01-03,434.45,2.58,1.03,13.91,7.65,zone.1,15,0.4299999999999997,0.14333333333333323,6.1000000000000005,1,429.81,2.773333333333319,a2
1.3,2019-01-06,433.32,NA,1,14.24,7.81,zone.1,16,NA,NA,5.290000000000001,0,429.81,NA,a2
1.3,2019-01-09,433.73,NA,0.97,14.87,8.95,zone.1,17,NA,NA,NA,0,429.81,NA,a2
1.4,2018-11-10,429.07,0,3,NA,NA,zone.1,0,0,NA,NA,0,426.07,0,b1
1.4,2018-11-13,429.07,NA,0.99,13.79,18.65,zone.1,1,NA,0.8966666666666666,4.389999999999999,3,426.07,3.8966666666666665,b1
1.4,2018-11-16,430.01,NA,1.02,15.22,9.4,zone.1,2,NA,0.8966666666666666,6.1800000000000015,2,426.07,3.846666666666664,b1
1.4,2018-11-20,431.48,2.32,1.03,13.62,9.04,zone.1,3,2.69,0.8966666666666666,5.719999999999999,1,426.07,4.296666666666692,b1
1.4,2018-11-25,428.93,NA,0.99,13.62,7.9,zone.1,4,NA,0.09000000000000001,4.909999999999998,3,426.07,2.9500000000000135,p1
1.4,2018-11-28,430.1,NA,1.03,13.99,8.71,zone.1,5,NA,0.09000000000000001,4.620000000000001,2,426.07,3.130000000000029,p1
1.4,2018-12-01,431.62,2.78,0.99,14.42,9.37,zone.1,6,0.27,0.09000000000000001,6.87,1,426.07,3.6200000000000108,p1
1.4,2018-12-06,427.76,NA,1.04,15.02,7.55,zone.1,7,NA,0.4433333333333334,6.67,3,426.07,2.133333333333331,a1.b2
1.4,2018-12-09,429.82,NA,1.02,13.68,8.35,zone.1,8,NA,0.4433333333333334,5.1899999999999995,2,426.07,3.1533333333333333,a1.b2
1.4,2018-12-12,430.13,1.72,0.97,13.7,8.49,zone.1,9,1.3300000000000003,0.4433333333333334,5.389999999999999,1,426.07,2.4433333333333356,a1.b2
1.4,2018-12-15,428.99,NA,0.97,13.55,8.31,zone.1,10,NA,0.27333333333333326,5.510000000000002,3,426.07,3.1933333333333493,a1.b2
1.4,2018-12-18,429.96,NA,1.03,13.89,8.04,zone.1,11,NA,0.27333333333333326,5.620000000000001,2,426.07,3.19333333333332,p2
1.4,2018-12-21,430.86,2.15,1.03,14.12,8.27,zone.1,12,0.8199999999999998,0.27333333333333326,6.779999999999999,1,426.07,3.063333333333354,p2
1.4,2018-12-26,429.15,NA,0.96,13.73,7.34,zone.1,13,NA,0.11000000000000003,5.640000000000001,3,426.07,3.189999999999984,p2
1.4,2018-12-30,429.82,NA,1.03,14.38,8.09,zone.1,14,NA,0.11000000000000003,5.75,2,426.07,2.9,a2
1.4,2019-01-03,431.05,2.69,1.02,14,8.63,zone.1,15,0.33000000000000007,0.11000000000000003,3.5299999999999994,1,426.07,3.100000000000018,a2
1.4,2019-01-06,429.51,NA,1.01,13.86,10.47,zone.1,16,NA,NA,1.6199999999999992,0,426.07,NA,a2
1.4,2019-01-09,430.14,NA,1.04,15.68,12.24,zone.1,17,NA,NA,NA,0,426.07,NA,a2
1.5,2018-11-10,424.06,0,3,NA,NA,zone.1,0,0,NA,NA,0,421.06,0,b1
1.5,2018-11-13,424.06,NA,0.97,13.41,18.11,zone.1,1,NA,1.0833333333333333,4.8100000000000005,3,421.06,4.083333333333333,b1
1.5,2018-11-16,424.78,NA,1.11,15.16,8.6,zone.1,2,NA,1.0833333333333333,6.76,2,421.06,3.8333333333333037,b1
1.5,2018-11-20,425.67,1.83,1.03,13.56,8.4,zone.1,3,3.25,1.0833333333333333,6.260000000000001,1,421.06,3.6133333333333466,b1
1.5,2018-11-25,424.45,NA,1.03,14.31,7.3,zone.1,4,NA,0.3266666666666668,4.49,3,421.06,3.716666666666653,p1
1.5,2018-11-28,425.4,NA,0.97,13.85,9.82,zone.1,5,NA,0.3266666666666668,4.719999999999999,2,421.06,3.6366666666666414,p1
1.5,2018-12-01,426.12,2.05,1,13.86,9.13,zone.1,6,0.9800000000000004,0.3266666666666668,6.6899999999999995,1,421.06,3.386666666666669,p1
1.5,2018-12-06,423.79,NA,1.06,14.51,7.17,zone.1,7,NA,0.36000000000000004,6.7,3,421.06,3.090000000000018,a1.b2
1.5,2018-12-09,425.69,NA,1,13.15,7.81,zone.1,8,NA,0.36000000000000004,5.08,2,421.06,3.9299999999999953,a1.b2
1.5,2018-12-12,425.91,1.98,1.02,13.87,8.07,zone.1,9,1.08,0.36000000000000004,5.649999999999999,1,421.06,3.1500000000000226,a1.b2
1.5,2018-12-15,424.8,NA,1,13.6,8.22,zone.1,10,NA,0.08666666666666674,5.529999999999999,3,421.06,3.826666666666676,a1.b2
1.5,2018-12-18,425.99,NA,0.97,14.2,8.07,zone.1,11,NA,0.08666666666666674,4.5699999999999985,2,421.06,4.016666666666674,p2
1.5,2018-12-21,426.98,2.73,0.95,14.3,9.63,zone.1,12,0.26000000000000023,0.08666666666666674,6.6000000000000005,1,421.06,4.036666666666683,p2
1.5,2018-12-26,424.58,NA,1.07,13.89,7.7,zone.1,13,NA,0.38666666666666666,5.050000000000001,3,421.06,3.9066666666666485,p2
1.5,2018-12-30,425.67,NA,0.98,13.66,8.84,zone.1,14,NA,0.38666666666666666,5.5600000000000005,2,421.06,3.92666666666668,a2
1.5,2019-01-03,426.69,1.84,0.96,13.96,8.1,zone.1,15,1.16,0.38666666666666666,5.010000000000002,1,421.06,3.9666666666666615,a2
1.5,2019-01-06,426.26,NA,0.97,14.43,8.95,zone.1,16,NA,NA,6.219999999999999,0,421.06,NA,a2
1.5,2019-01-09,426.77,NA,0.99,14.96,8.21,zone.1,17,NA,NA,NA,0,421.06,NA,a2
1.6,2018-11-10,437.29,0,3,NA,NA,zone.1,0,0,NA,NA,0,434.29,0,b1
1.6,2018-11-13,437.29,NA,0.99,14.42,16.91,zone.1,1,NA,1.1233333333333333,5.140000000000001,3,434.29,4.123333333333333,b1
1.6,2018-11-16,438.71,NA,1.01,13.73,9.28,zone.1,2,NA,1.1233333333333333,6.840000000000001,2,434.29,4.553333333333292,b1
1.6,2018-11-20,439.17,1.63,0.98,14.15,6.89,zone.1,3,3.37,1.1233333333333333,6.67,1,434.29,4.0033333333333285,b1
1.6,2018-11-25,437.1,NA,0.99,14.13,7.48,zone.1,4,NA,0.37333333333333335,6.110000000000001,3,434.29,3.183333333333336,p1
1.6,2018-11-28,438.57,NA,1.03,13.36,8.02,zone.1,5,NA,0.37333333333333335,5.219999999999999,2,434.29,3.663333333333306,p1
1.6,2018-12-01,439.98,1.88,1.02,13.68,8.14,zone.1,6,1.12,0.37333333333333335,7.29,1,434.29,4.04333333333333,p1
1.6,2018-12-06,436.53,NA,1.03,14.63,6.39,zone.1,7,NA,0.3733333333333333,5.6800000000000015,3,434.29,2.6133333333332853,a1.b2
1.6,2018-12-09,438.6,NA,1.04,13.33,8.95,zone.1,8,NA,0.3733333333333333,5.040000000000001,2,434.29,3.653333333333335,a1.b2
1.6,2018-12-12,440.21,1.97,0.98,13.61,8.29,zone.1,9,1.1199999999999999,0.3733333333333333,3.5999999999999996,1,434.29,4.223333333333292,a1.b2
1.6,2018-12-15,439.38,NA,1,13.78,10.01,zone.1,10,NA,0.62,3.34,3,434.29,5.709999999999975,a1.b2
1.6,2018-12-18,439.29,NA,1,13.81,10.44,zone.1,11,NA,0.62,5.470000000000001,2,434.29,4.62,p2
1.6,2018-12-21,440.06,1.12,1.03,13.8,8.34,zone.1,12,1.8599999999999999,0.62,5.800000000000001,1,434.29,4.389999999999982,p2
1.6,2018-12-26,438.54,NA,1.05,13.38,8,zone.1,13,NA,0.29000000000000004,4.210000000000001,3,434.29,4.54,p2
1.6,2018-12-30,439.32,NA,1.02,14.01,9.17,zone.1,14,NA,0.29000000000000004,5.459999999999999,2,434.29,4.269999999999973,a2
1.6,2019-01-03,439.44,2.23,0.99,14.04,8.55,zone.1,15,0.8700000000000001,0.29000000000000004,5.619999999999999,1,434.29,3.369999999999978,a2
1.6,2019-01-06,438.45,NA,1.01,13.93,8.42,zone.1,16,NA,NA,5.67,0,434.29,NA,a2
1.6,2019-01-09,439.42,NA,0.97,13.84,8.26,zone.1,17,NA,NA,NA,0,434.29,NA,a2
1.7,2018-11-10,436.64,0,3,NA,NA,zone.1,0,0,NA,NA,0,433.64,0,b1
1.7,2018-11-13,436.64,NA,0.99,13.68,20.1,zone.1,1,NA,0.6700000000000003,3.4299999999999997,3,433.64,3.6700000000000004,b1
1.7,2018-11-16,437.91,NA,1.03,15.58,10.25,zone.1,2,NA,0.6700000000000003,5.3100000000000005,2,433.64,3.950000000000039,b1
1.7,2018-11-20,439.13,3.01,0.96,14.89,10.27,zone.1,3,2.0100000000000007,0.6700000000000003,5.07,1,433.64,4.140000000000009,b1
1.7,2018-11-25,437.32,NA,1.04,13.65,9.82,zone.1,4,NA,0.13333333333333344,3.41,3,433.64,3.81333333333334,p1
1.7,2018-11-28,438.54,NA,0.99,13.9,10.24,zone.1,5,NA,0.13333333333333344,2.6500000000000004,2,433.64,3.9933333333333674,p1
1.7,2018-12-01,439.48,2.59,1.04,13.33,11.25,zone.1,6,0.40000000000000036,0.13333333333333344,4.550000000000001,1,433.64,3.943333333333365,p1
1.7,2018-12-06,437.53,NA,1.03,13.92,8.78,zone.1,7,NA,0.06666666666666672,2.0600000000000005,3,433.64,3.9566666666666532,a1.b2
1.7,2018-12-09,438.82,NA,1.02,13.98,11.86,zone.1,8,NA,0.06666666666666672,1.7800000000000011,2,433.64,4.216666666666673,a1.b2
1.7,2018-12-12,439.58,2.89,0.97,14.41,12.2,zone.1,9,0.20000000000000018,0.06666666666666672,1.2699999999999996,1,433.64,3.9566666666666648,a1.b2
1.7,2018-12-15,437.62,NA,1.02,13.67,13.14,zone.1,10,NA,-0.013333333333333197,2.289999999999999,3,433.64,3.966666666666685,a1.b2
1.7,2018-12-18,438.63,NA,1,14.12,11.38,zone.1,11,NA,-0.013333333333333197,1.7699999999999996,2,433.64,3.956666666666676,p2
1.7,2018-12-21,439.43,3.03,1.02,14.29,12.35,zone.1,12,-0.03999999999999959,-0.013333333333333197,2.219999999999999,1,433.64,3.7566666666666872,p2
1.7,2018-12-26,437.35,NA,1.03,13.25,12.07,zone.1,13,NA,0.03666666666666648,1.1999999999999993,3,433.64,3.746666666666703,p2
1.7,2018-12-30,438.02,NA,0.97,14.16,12.05,zone.1,14,NA,0.03666666666666648,2.9499999999999993,2,433.64,3.386666666666662,a2
1.7,2019-01-03,439,2.91,0.99,14.36,11.21,zone.1,15,0.10999999999999943,0.03666666666666648,3.7799999999999994,1,433.64,3.3966666666666803,a2
1.7,2019-01-06,437.5,NA,1.01,14.03,10.58,zone.1,16,NA,NA,4.58,0,433.64,NA,a2
1.7,2019-01-09,438.45,NA,1.01,14.75,9.45,zone.1,17,NA,NA,NA,0,433.64,NA,a2
2.1,2018-11-10,422.56,0,3,NA,NA,zone.2,0,0,NA,NA,0,419.56,0,b1
2.1,2018-11-13,422.56,NA,2.04,17.06,20.66,zone.2,1,NA,1.3399999999999999,4.539999999999999,3,419.56,4.34,b1
2.1,2018-11-16,424.51,NA,1.96,19.1,12.52,zone.2,2,NA,1.3399999999999999,4.270000000000001,2,419.56,4.2499999999999885,b1
2.1,2018-11-20,426.02,2.98,2.04,17.65,14.83,zone.2,3,4.02,1.3399999999999999,6.189999999999998,1,419.56,3.7999999999999794,b1
2.1,2018-11-25,425.41,NA,2.01,17.53,11.46,zone.2,4,NA,0.10666666666666676,4.990000000000002,3,419.56,5.956666666666689,p1
2.1,2018-11-28,427.57,NA,2.03,17.74,12.54,zone.2,5,NA,0.10666666666666676,5.359999999999998,2,419.56,6.106666666666658,p1
2.1,2018-12-01,430.18,5.76,2.09,18.62,12.38,zone.2,6,0.3200000000000003,0.10666666666666676,10.260000000000002,1,419.56,6.686666666666672,p1
2.1,2018-12-06,425.55,NA,1.95,20.29,8.36,zone.2,7,NA,0.17666666666666675,6.619999999999999,3,419.56,6.166666666666676,a1.b2
2.1,2018-12-09,427.82,NA,2.01,17.54,13.67,zone.2,8,NA,0.17666666666666675,6.629999999999999,2,419.56,6.4866666666666575,a1.b2
2.1,2018-12-12,429.65,5.52,1.99,17.37,10.91,zone.2,9,0.5300000000000002,0.17666666666666675,5.880000000000001,1,419.56,6.306666666666642,a1.b2
2.1,2018-12-15,426.01,NA,2.04,17.51,11.49,zone.2,10,NA,-0.23666666666666666,5.920000000000002,3,419.56,6.213333333333322,a1.b2
2.1,2018-12-18,429.09,NA,1.97,17.96,11.59,zone.2,11,NA,-0.23666666666666666,6.74,2,419.56,7.253333333333306,p2
2.1,2018-12-21,431.37,6.71,2,17.49,11.22,zone.2,12,-0.71,-0.23666666666666666,7.529999999999998,1,419.56,7.563333333333335,p2
2.1,2018-12-26,425.99,NA,2.03,18.51,9.96,zone.2,13,NA,0.873333333333333,7.630000000000001,3,419.56,7.30333333333334,p2
2.1,2018-12-30,427.52,NA,2.02,18.34,10.88,zone.2,14,NA,0.873333333333333,7.65,2,419.56,6.803333333333313,a2
2.1,2019-01-03,429.23,3.43,2,18.53,10.69,zone.2,15,2.6199999999999988,0.873333333333333,6.540000000000001,1,419.56,6.49333333333335,a2
2.1,2019-01-06,428.17,NA,1.98,17.41,11.99,zone.2,16,NA,NA,6.109999999999999,0,419.56,NA,a2
2.1,2019-01-09,429.54,NA,2.02,18.17,11.3,zone.2,17,NA,NA,NA,0,419.56,NA,a2
2.2,2018-11-10,425.21,0,3,NA,NA,zone.2,0,0,NA,NA,0,422.21,0,b1
2.2,2018-11-13,425.21,NA,1.96,17.44,17.6,zone.2,1,NA,0.9133333333333331,6.050000000000001,3,422.21,3.913333333333333,b1
2.2,2018-11-16,427.29,NA,1.97,19.43,11.39,zone.2,2,NA,0.9133333333333331,7.699999999999999,2,422.21,4.033333333333374,b1
2.2,2018-11-20,429.19,4.19,2.03,17.67,11.73,zone.2,3,2.7399999999999993,0.9133333333333331,7.940000000000001,1,422.21,3.9633333333333516,b1
2.2,2018-11-25,426.7,NA,2.03,17.13,9.73,zone.2,4,NA,0.653333333333333,8.229999999999999,3,422.21,5.143333333333342,p1
2.2,2018-11-28,429.99,NA,1.97,16.48,8.9,zone.2,5,NA,0.653333333333333,7.41,2,422.21,6.4033333333333635,p1
2.2,2018-12-01,432.02,4.07,2.03,18.68,9.07,zone.2,6,1.959999999999999,0.653333333333333,10.33,1,422.21,6.463333333333336,p1
2.2,2018-12-06,426.83,NA,1.96,19.21,8.35,zone.2,7,NA,0.8866666666666666,8.850000000000001,3,422.21,5.506666666666671,a1.b2
2.2,2018-12-09,430.02,NA,2.03,17.76,10.36,zone.2,8,NA,0.8866666666666666,6.490000000000002,2,422.21,6.736666666666669,a1.b2
2.2,2018-12-12,431.53,3.36,2,17.52,11.27,zone.2,9,2.6599999999999997,0.8866666666666666,6.369999999999999,1,422.21,6.216666666666661,a1.b2
2.2,2018-12-15,429.63,NA,2.01,18.13,11.15,zone.2,10,NA,0.13666666666666671,5.409999999999998,3,422.21,7.556666666666683,a1.b2
2.2,2018-12-18,430.97,NA,2,17.01,12.72,zone.2,11,NA,0.13666666666666671,3.910000000000002,2,422.21,6.886666666666715,p2
2.2,2018-12-21,432.09,5.6,1.98,17.52,13.1,zone.2,12,0.41000000000000014,0.13666666666666671,2.1500000000000004,1,422.21,6.006666666666662,p2
2.2,2018-12-26,427.39,NA,2.01,18.32,15.37,zone.2,13,NA,1.403333333333333,9.72,3,422.21,6.58333333333334,p2
2.2,2018-12-30,430.4,NA,1.96,17.37,8.6,zone.2,14,NA,1.403333333333333,8.06,2,422.21,7.583333333333331,a2
2.2,2019-01-03,432.04,1.74,1.97,27.66,9.31,zone.2,15,4.209999999999999,1.403333333333333,17.89,1,422.21,7.2633333333333745,a2
2.2,2019-01-06,432.7,NA,1.96,17.42,9.77,zone.2,16,NA,NA,4.290000000000001,0,422.21,NA,a2
2.2,2019-01-09,433.74,NA,2.01,18.06,13.13,zone.2,17,NA,NA,NA,0,422.21,NA,a2
2.3,2018-11-10,428.97,0,3,NA,NA,zone.2,0,0,NA,NA,0,425.97,0,b1
2.3,2018-11-13,428.97,NA,1.98,17.3,17.45,zone.2,1,NA,0.8766666666666669,6.09,3,425.97,3.876666666666667,b1
2.3,2018-11-16,431.36,NA,1.99,19.98,11.21,zone.2,2,NA,0.8766666666666669,5.890000000000001,2,425.97,4.286666666666653,b1
2.3,2018-11-20,432.59,4.34,1.99,17.49,14.09,zone.2,3,2.630000000000001,0.8766666666666669,5.179999999999998,1,425.97,3.5266666666666144,b1
2.3,2018-11-25,430.57,NA,2.04,17.39,12.31,zone.2,4,NA,0.16666666666666696,5.92,3,425.97,4.766666666666633,p1
2.3,2018-11-28,432.98,NA,2.02,17.75,11.47,zone.2,5,NA,0.16666666666666696,5.300000000000001,2,425.97,5.136666666666658,p1
2.3,2018-12-01,435.48,5.55,1.97,18.33,12.45,zone.2,6,0.5000000000000009,0.16666666666666696,9.879999999999999,1,425.97,5.616666666666658,p1
2.3,2018-12-06,430.35,NA,1.99,18.89,8.45,zone.2,7,NA,0.19666666666666663,6.91,3,425.97,4.576666666666662,a1.b2
2.3,2018-12-09,433.45,NA,1.96,17.04,11.98,zone.2,8,NA,0.19666666666666663,6.279999999999999,2,425.97,5.6866666666666275,a1.b2
2.3,2018-12-12,435.31,5.33,2.04,17.05,10.76,zone.2,9,0.5899999999999999,0.19666666666666663,5.25,1,425.97,5.586666666666641,a1.b2
2.3,2018-12-15,431.9,NA,2.02,17.17,11.8,zone.2,10,NA,0.32333333333333325,3.710000000000001,3,425.97,6.253333333333283,a1.b2
2.3,2018-12-18,433.66,NA,2.03,17.4,13.46,zone.2,11,NA,0.32333333333333325,5.909999999999998,2,425.97,5.993333333333331,p2
2.3,2018-12-21,435.81,5.12,1.96,17.17,11.49,zone.2,12,0.9699999999999998,0.32333333333333325,9.3,1,425.97,6.113333333333309,p2
2.3,2018-12-26,431.56,NA,2.04,18.98,7.87,zone.2,13,NA,0.7166666666666665,9.25,3,425.97,6.306666666666642,p2
2.3,2018-12-30,433.66,NA,2.03,17.51,9.73,zone.2,14,NA,0.7166666666666665,6.870000000000001,2,425.97,6.3666666666666645,a2
2.3,2019-01-03,434.94,3.88,2.04,17.95,10.64,zone.2,15,2.1499999999999995,0.7166666666666665,6.809999999999999,1,425.97,5.616666666666638,a2
2.3,2019-01-06,434.07,NA,2,17.99,11.14,zone.2,16,NA,NA,2.719999999999999,0,425.97,NA,a2
2.3,2019-01-09,434.8,NA,1.98,18.15,15.27,zone.2,17,NA,NA,NA,0,425.97,NA,a2
2.4,2018-11-10,426.17,0,3,NA,NA,zone.2,0,0,NA,NA,0,423.17,0,b1
2.4,2018-11-13,426.17,NA,2.01,17.51,18.62,zone.2,1,NA,0.8133333333333331,4.670000000000002,3,423.17,3.813333333333333,b1
2.4,2018-11-16,428.38,NA,2.03,18.15,12.84,zone.2,2,NA,0.8133333333333331,5.009999999999998,2,423.17,4.013333333333313,b1
2.4,2018-11-20,430.44,4.6,2,17.75,13.14,zone.2,3,2.4399999999999995,0.8133333333333331,8.85,1,423.17,4.043333333333316,b1
2.4,2018-11-25,427.81,NA,2,17.2,8.9,zone.2,4,NA,0.6566666666666666,7.299999999999999,3,423.17,5.296666666666653,p1
2.4,2018-11-28,429.63,NA,2.04,17.81,9.9,zone.2,5,NA,0.6566666666666666,1.1499999999999986,2,423.17,5.116666666666646,p1
2.4,2018-12-01,433.92,4.07,2.02,20.53,16.66,zone.2,6,1.9699999999999998,0.6566666666666666,12.490000000000002,1,423.17,7.366666666666667,p1
2.4,2018-12-06,427.56,NA,1.96,19.16,8.04,zone.2,7,NA,0.7766666666666665,7.8100000000000005,3,423.17,5.166666666666653,a1.b2
2.4,2018-12-09,430.85,NA,1.96,17.49,11.35,zone.2,8,NA,0.7766666666666665,6.829999999999998,2,423.17,6.496666666666673,a1.b2
2.4,2018-12-12,432.5,3.61,2.03,17.28,10.66,zone.2,9,2.3299999999999996,0.7766666666666665,5.440000000000001,1,423.17,6.1866666666666505,a1.b2
2.4,2018-12-15,430.27,NA,2.02,17.17,11.84,zone.2,10,NA,0.07999999999999978,5.530000000000001,3,423.17,7.179999999999966,a1.b2
2.4,2018-12-18,432.49,NA,1.98,16.73,11.64,zone.2,11,NA,0.07999999999999978,5.190000000000001,2,423.17,7.379999999999994,p2
2.4,2018-12-21,433.88,5.79,2.03,17.61,11.54,zone.2,12,0.23999999999999932,0.07999999999999978,6.76,1,423.17,6.78999999999998,p2
2.4,2018-12-26,429.66,NA,2.01,18.64,10.85,zone.2,13,NA,0.5666666666666664,6.790000000000001,3,423.17,7.0566666666666755,p2
2.4,2018-12-30,431.27,NA,1.97,17.56,11.85,zone.2,14,NA,0.5666666666666664,6.629999999999999,2,423.17,6.6566666666666325,a2
2.4,2019-01-03,432.54,4.31,2.04,17.28,10.93,zone.2,15,1.6999999999999993,0.5666666666666664,5.790000000000001,1,423.17,5.956666666666671,a2
2.4,2019-01-06,430.39,NA,1.96,17.23,11.49,zone.2,16,NA,NA,4.890000000000001,0,423.17,NA,a2
2.4,2019-01-09,432.36,NA,1.99,17.7,12.34,zone.2,17,NA,NA,NA,0,423.17,NA,a2
2.5,2018-11-10,437.6,0,3,NA,NA,zone.2,0,0,NA,NA,0,434.6,0,b1
2.5,2018-11-13,437.6,NA,2.03,17.26,20.03,zone.2,1,NA,0.7399999999999999,3.0100000000000016,3,434.6,3.7399999999999998,b1
2.5,2018-11-16,439.49,NA,1.98,19.16,14.25,zone.2,2,NA,0.7399999999999999,5.82,2,434.6,3.5999999999999863,b1
2.5,2018-11-20,441.67,4.79,2.03,17.35,13.34,zone.2,3,2.2199999999999998,0.7399999999999999,7.600000000000001,1,434.6,3.7999999999999927,b1
2.5,2018-11-25,438.73,NA,2.03,17.42,9.75,zone.2,4,NA,0.4933333333333332,6.250000000000002,3,434.6,4.623333333333329,p1
2.5,2018-11-28,440.44,NA,2,17.57,11.17,zone.2,5,NA,0.4933333333333332,2.92,2,434.6,4.303333333333308,p1
2.5,2018-12-01,445.42,4.58,2.1,21.11,14.65,zone.2,6,1.4799999999999995,0.4933333333333332,13.239999999999998,1,434.6,7.283333333333327,p1
2.5,2018-12-06,438.87,NA,2.05,19.54,7.87,zone.2,7,NA,1.02,8.12,3,434.6,5.289999999999981,a1.b2
2.5,2018-12-09,442.23,NA,2.01,17,11.42,zone.2,8,NA,1.02,8.72,2,434.6,6.599999999999996,a1.b2
2.5,2018-12-12,444,3.1,2.01,17.05,8.28,zone.2,9,3.06,1.02,8.22,1,434.6,6.359999999999978,a1.b2
2.5,2018-12-15,443.2,NA,1.96,17.42,8.83,zone.2,10,NA,0.45999999999999996,7.240000000000002,3,434.6,9.059999999999967,a1.b2
2.5,2018-12-18,444.53,NA,1.96,17.16,10.18,zone.2,11,NA,0.45999999999999996,7.029999999999999,2,434.6,8.42999999999995,p2
2.5,2018-12-21,446.03,4.55,1.98,17.03,10.13,zone.2,12,1.38,0.45999999999999996,9.34,1,434.6,7.969999999999949,p2
2.5,2018-12-26,441.74,NA,2.01,18.9,7.69,zone.2,13,NA,0.7266666666666666,10.969999999999999,3,434.6,7.866666666666653,p2
2.5,2018-12-30,443.11,NA,2.03,17.66,7.93,zone.2,14,NA,0.7266666666666666,6.24,2,434.6,7.226666666666658,a2
2.5,2019-01-03,443.9,3.84,1.96,17.41,11.42,zone.2,15,2.1799999999999997,0.7266666666666666,3.6400000000000006,1,434.6,5.986666666666622,a2
2.5,2019-01-06,441.45,NA,1.97,17.89,13.77,zone.2,16,NA,NA,4.73,0,434.6,NA,a2
2.5,2019-01-09,443.93,NA,2.01,17.44,13.16,zone.2,17,NA,NA,NA,0,434.6,NA,a2
2.6,2018-11-10,429.51,0,3,NA,NA,zone.2,0,0,NA,NA,0,426.51,0,b1
2.6,2018-11-13,429.51,NA,2.01,17.94,18.11,zone.2,1,NA,1.0633333333333332,5.390000000000001,3,426.51,4.0633333333333335,b1
2.6,2018-11-16,431.46,NA,1.99,19.47,12.55,zone.2,2,NA,1.0633333333333332,6.329999999999998,2,426.51,4.003333333333322,b1
2.6,2018-11-20,432.79,3.81,2,17.27,13.14,zone.2,3,3.19,1.0633333333333332,8.67,1,426.51,3.343333333333363,b1
2.6,2018-11-25,431.18,NA,2,17.3,8.6,zone.2,4,NA,0.3433333333333331,6.59,3,426.51,5.013333333333349,p1
2.6,2018-11-28,433.23,NA,1.97,17.11,10.71,zone.2,5,NA,0.3433333333333331,5.01,2,426.51,5.06333333333336,p1
2.6,2018-12-01,434.97,4.94,2.05,18.97,12.1,zone.2,6,1.0299999999999994,0.3433333333333331,10.37,1,426.51,4.8333333333333695,p1
2.6,2018-12-06,431.39,NA,1.96,19.04,8.6,zone.2,7,NA,0.7200000000000001,5.5699999999999985,3,426.51,5.599999999999995,a1.b2
2.6,2018-12-09,433.53,NA,1.95,17.19,13.47,zone.2,8,NA,0.7200000000000001,5.23,2,426.51,5.779999999999982,a1.b2
2.6,2018-12-12,435.14,3.8,2.02,17.36,11.96,zone.2,9,2.16,0.7200000000000001,4.619999999999999,1,426.51,5.439999999999995,a1.b2
2.6,2018-12-15,432.99,NA,1.96,17.48,12.74,zone.2,10,NA,0.19333333333333336,4.4,3,426.51,6.6733333333333515,a1.b2
2.6,2018-12-18,434.98,NA,2,17.35,13.08,zone.2,11,NA,0.19333333333333336,6.320000000000002,2,426.51,6.703333333333361,p2
2.6,2018-12-21,437.13,5.4,1.99,17.57,11.03,zone.2,12,0.5800000000000001,0.19333333333333336,9.32,1,426.51,6.853333333333338,p2
2.6,2018-12-26,433.27,NA,2.06,18.24,8.25,zone.2,13,NA,1.0066666666666666,10.139999999999999,3,426.51,7.766666666666658,p2
2.6,2018-12-30,435.8,NA,2,18.1,8.1,zone.2,14,NA,1.0066666666666666,7.950000000000001,2,426.51,8.236666666666686,a2
2.6,2019-01-03,438.01,3.03,1.96,17.49,10.15,zone.2,15,3.02,1.0066666666666666,5.0699999999999985,1,426.51,8.446666666666665,a2
2.6,2019-01-06,436.2,NA,1.99,17.86,12.42,zone.2,16,NA,NA,5.82,0,426.51,NA,a2
2.6,2019-01-09,437.88,NA,1.99,17.09,12.04,zone.2,17,NA,NA,NA,0,426.51,NA,a2
3.1,2018-11-10,428.21,0,3,NA,NA,zone.3,0,0,NA,NA,0,425.21,0,b1
3.1,2018-11-13,428.21,NA,0.99,14.2,6.4,zone.3,1,NA,0.71,6,3,425.21,3.71,b1
3.1,2018-11-16,429.28,NA,1.01,15.16,8.2,zone.3,2,NA,0.71,5.74,2,425.21,3.789999999999993,b1
3.1,2018-11-20,429.68,2.87,0.98,13.98,9.42,zone.3,3,2.13,0.71,5.610000000000001,1,425.21,3.1800000000000272,b1
3.1,2018-11-25,427,NA,3.91,26.14,8.37,zone.3,4,NA,0.2733333333333337,5.760000000000002,3,425.21,2.0633333333333543,p1
3.1,2018-11-28,431.14,NA,3.89,25.41,20.38,zone.3,5,NA,0.2733333333333337,8.309999999999999,2,425.21,2.2933333333333406,p1
3.1,2018-12-01,434.81,7.96,3.86,24.82,17.1,zone.3,6,0.8200000000000012,0.2733333333333337,5.640000000000001,1,425.21,2.073333333333356,p1
3.1,2018-12-06,429.99,NA,1.05,14.64,19.18,zone.3,7,NA,0.5066666666666665,5.49,3,425.21,5.286666666666696,a1.b2
3.1,2018-12-09,431.42,NA,1.01,13.74,9.15,zone.3,8,NA,0.5066666666666665,5.290000000000001,2,425.21,5.666666666666703,a1.b2
3.1,2018-12-12,432.12,4.4,0.97,13.64,8.45,zone.3,9,1.5199999999999996,0.5066666666666665,5.7,1,425.21,5.356666666666692,a1.b2
3.1,2018-12-15,428.52,NA,1.01,13.77,7.94,zone.3,10,NA,0.34333333333333343,5.88,3,425.21,3.6533333333333355,a1.b2
3.1,2018-12-18,429.25,NA,3.93,25.1,7.89,zone.3,11,NA,0.34333333333333343,19.060000000000002,2,425.21,3.373333333333354,p2
3.1,2018-12-21,434.8,4.88,3.88,26.27,6.04,zone.3,12,1.0300000000000002,0.34333333333333343,11.07,1,425.21,4.993333333333366,p2
3.1,2018-12-26,434.25,NA,3.83,26.6,15.2,zone.3,13,NA,0.6466666666666668,8,3,425.21,9.686666666666687,p2
3.1,2018-12-30,437.11,NA,1.04,13.87,18.6,zone.3,14,NA,0.6466666666666668,5.879999999999999,2,425.21,8.7166666666667,a2
3.1,2019-01-03,436.68,6.81,1.03,13.96,7.99,zone.3,15,1.9400000000000004,0.6466666666666668,5.4300000000000015,1,425.21,7.246666666666695,a2
3.1,2019-01-06,431,NA,1.04,14.04,8.53,zone.3,16,NA,NA,6.4799999999999995,0,425.21,NA,a2
3.1,2019-01-09,431.86,NA,0.98,15.19,7.56,zone.3,17,NA,NA,NA,0,425.21,NA,a2
3.2,2018-11-10,434.87,0,3,NA,NA,zone.3,0,0,NA,NA,0,431.87,0,b1
3.2,2018-11-13,434.87,NA,1.03,13.98,21.09,zone.3,1,NA,0.7133333333333334,13.13,3,431.87,3.7133333333333334,b1
3.2,2018-11-16,435.95,NA,1.05,17.07,0.85,zone.3,2,NA,0.7133333333333334,16.580000000000002,2,431.87,3.763333333333317,b1
3.2,2018-11-20,437.23,2.94,0.97,14.03,0.49,zone.3,3,2.14,0.7133333333333334,13.559999999999999,1,431.87,3.993333333333347,b1
3.2,2018-11-25,434.84,NA,3.93,25.63,0.47,zone.3,4,NA,0.09000000000000045,5.649999999999999,3,431.87,3.0599999999999707,p1
3.2,2018-11-28,439.27,NA,3.95,25.71,19.98,zone.3,5,NA,0.09000000000000045,6.740000000000002,2,431.87,3.5599999999999774,p1
3.2,2018-12-01,442.98,8.58,3.88,24.36,18.97,zone.3,6,0.27000000000000135,0.09000000000000045,6.689999999999998,1,431.87,3.3200000000000136,p1
3.2,2018-12-06,438.43,NA,1.04,14.74,17.67,zone.3,7,NA,0.5199999999999999,5.630000000000001,3,431.87,7.080000000000002,a1.b2
3.2,2018-12-09,439.33,NA,1.01,13.4,9.11,zone.3,8,NA,0.5199999999999999,5.15,2,431.87,6.939999999999979,a1.b2
3.2,2018-12-12,440.42,4.37,1,13.47,8.25,zone.3,9,1.5599999999999996,0.5199999999999999,4.73,1,431.87,7.020000000000011,a1.b2
3.2,2018-12-15,437,NA,1.02,13.68,8.74,zone.3,10,NA,0.26999999999999985,4.799999999999999,3,431.87,5.399999999999995,a1.b2
3.2,2018-12-18,437.99,NA,3.9,25.59,8.88,zone.3,11,NA,0.26999999999999985,6.640000000000001,2,431.87,5.3700000000000045,p2
3.2,2018-12-21,442.17,5.11,3.89,26.26,18.95,zone.3,12,0.8099999999999996,0.26999999999999985,10.750000000000002,1,431.87,5.650000000000011,p2
3.2,2018-12-26,441.35,NA,3.98,25.92,15.51,zone.3,13,NA,1.786666666666667,10.480000000000002,3,431.87,11.266666666666685,p2
3.2,2018-12-30,445.69,NA,1.01,14.06,15.44,zone.3,14,NA,1.786666666666667,6.11,2,431.87,11.62666666666666,a2
3.2,2019-01-03,444.46,3.52,0.96,13.77,7.95,zone.3,15,5.360000000000001,1.786666666666667,5.35,1,431.87,9.386666666666642,a2
3.2,2019-01-06,442.11,NA,0.95,13.87,8.42,zone.3,16,NA,NA,5.659999999999998,0,431.87,NA,a2
3.2,2019-01-09,443.53,NA,0.99,15.41,8.21,zone.3,17,NA,NA,NA,0,431.87,NA,a2
3.3,2018-11-10,424.16,0,3,NA,NA,zone.3,0,0,NA,NA,0,421.16,0,b1
3.3,2018-11-13,424.16,NA,1.02,14,20.99,zone.3,1,NA,0.6399999999999998,5.039999999999999,3,421.16,3.6399999999999997,b1
3.3,2018-11-16,425.63,NA,1.01,15.25,8.96,zone.3,2,NA,0.6399999999999998,6.640000000000001,2,421.16,4.0899999999999705,b1
3.3,2018-11-20,426.07,3.11,0.98,13.66,8.61,zone.3,3,1.9199999999999995,0.6399999999999998,5.890000000000001,1,421.16,3.519999999999968,b1
3.3,2018-11-25,423.76,NA,3.88,26.51,7.77,zone.3,4,NA,0.0866666666666666,5.610000000000003,3,421.16,2.6866666666666323,p1
3.3,2018-11-28,428.2,NA,3.92,24.25,20.9,zone.3,5,NA,0.0866666666666666,8.36,2,421.16,3.24666666666663,p1
3.3,2018-12-01,432.35,8.52,3.9,24.22,15.89,zone.3,6,0.2599999999999998,0.0866666666666666,7.34,1,421.16,3.4766666666666644,p1
3.3,2018-12-06,428.15,NA,0.99,14.66,16.88,zone.3,7,NA,0.19333333333333336,6.32,3,421.16,7.183333333333286,a1.b2
3.3,2018-12-09,428.69,NA,1,13.51,8.34,zone.3,8,NA,0.19333333333333336,5.819999999999999,2,421.16,6.733333333333306,a1.b2
3.3,2018-12-12,429.27,5.31,1.03,13.38,7.69,zone.3,9,0.5800000000000001,0.19333333333333336,5.630000000000001,1,421.16,6.31333333333329,a1.b2
3.3,2018-12-15,425.06,NA,0.97,14.05,7.75,zone.3,10,NA,0.13666666666666671,5.83,3,421.16,4.036666666666644,a1.b2
3.3,2018-12-18,426.4,NA,3.93,25.85,8.22,zone.3,11,NA,0.13666666666666671,7.130000000000003,2,421.16,4.406666666666619,p2
3.3,2018-12-21,430.62,5.52,3.87,25.82,18.72,zone.3,12,0.41000000000000014,0.13666666666666671,7.440000000000001,1,421.16,4.696666666666647,p2
3.3,2018-12-26,428.38,NA,3.86,25.05,18.38,zone.3,13,NA,0.2566666666666668,5.310000000000002,3,421.16,7.476666666666637,p2
3.3,2018-12-30,431.7,NA,0.99,13.9,19.74,zone.3,14,NA,0.2566666666666668,5.23,2,421.16,6.936666666666631,a2
3.3,2019-01-03,432.18,7.95,1.04,13.86,8.67,zone.3,15,0.7700000000000005,0.2566666666666668,4.309999999999999,1,421.16,6.426666666666649,a2
3.3,2019-01-06,425.34,NA,0.99,14.2,9.55,zone.3,16,NA,NA,3.049999999999999,0,421.16,NA,a2
3.3,2019-01-09,425.95,NA,0.97,14.43,11.15,zone.3,17,NA,NA,NA,0,421.16,NA,a2
3.4,2018-11-10,436.4,0,3,NA,NA,zone.3,0,0,NA,NA,0,433.4,0,b1
3.4,2018-11-13,436.4,NA,1.05,13.71,16.28,zone.3,1,NA,1.4766666666666666,5.98,3,433.4,4.476666666666667,b1
3.4,2018-11-16,436.96,NA,1.03,14.12,7.73,zone.3,2,NA,1.4766666666666666,7.679999999999999,2,433.4,3.986666666666669,b1
3.4,2018-11-20,436.37,0.65,1,14.07,6.44,zone.3,3,4.43,1.4766666666666666,6.970000000000001,1,433.4,2.366666666666694,b1
3.4,2018-11-25,436.04,NA,3.85,26.85,7.1,zone.3,4,NA,1.0199999999999998,10.830000000000002,3,433.4,3.6600000000000428,p1
3.4,2018-11-28,442.44,NA,3.92,25.66,16.02,zone.3,5,NA,1.0199999999999998,15.9,2,433.4,6.21000000000002,p1
3.4,2018-12-01,447.73,5.71,0.94,23.95,9.76,zone.3,6,3.0599999999999996,1.0199999999999998,9.69,1,433.4,7.580000000000041,p1
3.4,2018-12-06,444.8,NA,1.05,14,14.26,zone.3,7,NA,0.3366666666666667,5.789999999999999,3,433.4,11.7366666666667,a1.b2
3.4,2018-12-09,443.58,NA,1.03,13.61,8.21,zone.3,8,NA,0.3366666666666667,6.06,2,433.4,9.466666666666672,a1.b2
3.4,2018-12-12,443.4,2.01,0.96,13.92,7.55,zone.3,9,1.0100000000000002,0.3366666666666667,6.97,1,433.4,8.256666666666668,a1.b2
3.4,2018-12-15,441.71,NA,1.03,13.69,6.95,zone.3,10,NA,0.6499999999999999,6.489999999999999,3,433.4,8.960000000000003,a1.b2
3.4,2018-12-18,442.19,NA,3.89,26.32,7.2,zone.3,11,NA,0.6499999999999999,10.67,2,433.4,8.41000000000002,p2
3.4,2018-12-21,446.34,3.93,3.86,25.87,15.65,zone.3,12,1.9499999999999997,0.6499999999999999,11.4,1,433.4,8.669999999999998,p2
3.4,2018-12-26,444.15,NA,3.95,25.94,14.47,zone.3,13,NA,0.47333333333333333,9.010000000000002,3,433.4,11.223333333333333,p2
3.4,2018-12-30,447.33,NA,1.01,14.32,16.93,zone.3,14,NA,0.47333333333333333,6.08,2,433.4,10.45333333333334,a2
3.4,2019-01-03,446.29,7.4,1.01,13.75,8.24,zone.3,15,1.42,0.47333333333333333,5.52,1,433.4,8.403333333333377,a2
3.4,2019-01-06,439.78,NA,0.97,14.2,8.23,zone.3,16,NA,NA,6.02,0,433.4,NA,a2
3.4,2019-01-09,440.43,NA,1.02,14.52,8.18,zone.3,17,NA,NA,NA,0,433.4,NA,a2
3.5,2018-11-10,425.52,0,3,NA,NA,zone.3,0,0,NA,NA,0,422.52,0,b1
3.5,2018-11-13,425.52,NA,1.05,13.6,20.1,zone.3,1,NA,0.6766666666666664,4.289999999999999,3,422.52,3.6766666666666663,b1
3.5,2018-11-16,426.78,NA,0.98,16.07,9.31,zone.3,2,NA,0.6766666666666664,4.25,2,422.52,3.8866666666666574,b1
3.5,2018-11-20,427.45,3,1.03,13.81,11.82,zone.3,3,2.0299999999999994,0.6766666666666664,5.76,1,422.52,3.576666666666673,b1
3.5,2018-11-25,425.21,NA,3.94,25.54,8.05,zone.3,4,NA,0.09333333333333312,5.599999999999998,3,422.52,2.783333333333331,p1
3.5,2018-11-28,429.79,NA,3.87,25.11,19.94,zone.3,5,NA,0.09333333333333312,6.289999999999999,2,422.52,3.423333333333372,p1
3.5,2018-12-01,433.17,8.56,3.96,24.3,18.82,zone.3,6,0.27999999999999936,0.09333333333333312,3.629999999999999,1,422.52,2.9333333333333673,p1
3.5,2018-12-06,428.3,NA,1.06,14.65,20.67,zone.3,7,NA,0.01999999999999987,3.1400000000000006,3,422.52,5.800000000000029,a1.b2
3.5,2018-12-09,429.59,NA,1.01,13.68,11.51,zone.3,8,NA,0.01999999999999987,5.119999999999999,2,422.52,6.029999999999992,a1.b2
3.5,2018-12-12,430.66,5.97,1,14.17,8.56,zone.3,9,0.05999999999999961,0.01999999999999987,5.25,1,422.52,6.0900000000000425,a1.b2
3.5,2018-12-15,425.75,NA,1.04,13.68,8.92,zone.3,10,NA,0.25333333333333324,4.719999999999999,3,422.52,3.4833333333333516,a1.b2
3.5,2018-12-18,426.8,NA,3.92,26.48,8.96,zone.3,11,NA,0.25333333333333324,5.539999999999999,2,422.52,3.493333333333363,p2
3.5,2018-12-21,430.56,5.2,3.89,25.58,20.94,zone.3,12,0.7599999999999998,0.25333333333333324,7,1,422.52,3.333333333333354,p2
3.5,2018-12-26,429.23,NA,3.9,26.58,18.58,zone.3,13,NA,0.2933333333333333,5.029999999999998,3,422.52,7.003333333333369,p2
3.5,2018-12-30,432.6,NA,1.05,14.01,21.55,zone.3,14,NA,0.2933333333333333,0.22000000000000064,2,422.52,6.473333333333374,a2
3.5,2019-01-03,433.35,7.96,1.03,13.93,13.79,zone.3,15,0.8799999999999999,0.2933333333333333,5.73,1,422.52,6.173333333333373,a2
3.5,2019-01-06,426.67,NA,1.05,14.42,8.2,zone.3,16,NA,NA,5.959999999999999,0,422.52,NA,a2
3.5,2019-01-09,427.43,NA,1.01,14.08,8.46,zone.3,17,NA,NA,NA,0,422.52,NA,a2
3.6,2018-11-10,431.37,0,3,NA,NA,zone.3,0,0,NA,NA,0,428.37,0,b1
3.6,2018-11-13,431.37,NA,1,13.85,18.58,zone.3,1,NA,0.9566666666666666,5.799999999999999,3,428.37,3.9566666666666666,b1
3.6,2018-11-16,432.64,NA,1.02,15.88,8.05,zone.3,2,NA,0.9566666666666666,7.100000000000001,2,428.37,4.226666666666649,b1
3.6,2018-11-20,433.82,2.15,0.96,14.01,8.78,zone.3,3,2.8699999999999997,0.9566666666666666,5.970000000000001,1,428.37,4.386666666666656,b1
3.6,2018-11-25,431.63,NA,3.9,25.75,8.04,zone.3,4,NA,0.23666666666666636,6.949999999999999,3,428.37,3.4966666666666573,p1
3.6,2018-11-28,436.27,NA,3.92,25.42,18.8,zone.3,5,NA,0.23666666666666636,7.850000000000001,2,428.37,4.236666666666643,p1
3.6,2018-12-01,439.94,8.07,3.86,24.12,17.57,zone.3,6,0.7099999999999991,0.23666666666666636,9.260000000000002,1,428.37,3.9866666666666597,p1
3.6,2018-12-06,436.45,NA,1.05,14.27,14.86,zone.3,7,NA,0.2833333333333335,5.639999999999999,3,428.37,8.363333333333317,a1.b2
3.6,2018-12-09,436.65,NA,0.96,13.34,8.63,zone.3,8,NA,0.2833333333333335,5.26,2,428.37,7.513333333333306,a1.b2
3.6,2018-12-12,437.1,5.02,1.02,14,8.08,zone.3,9,0.8500000000000005,0.2833333333333335,6.03,1,428.37,7.003333333333352,a1.b2
3.6,2018-12-15,433.37,NA,1.01,13.97,7.97,zone.3,10,NA,0.21000000000000027,5.84,3,428.37,5.21,a1.b2
3.6,2018-12-18,434.51,NA,3.93,25.81,8.13,zone.3,11,NA,0.21000000000000027,6.91,2,428.37,5.3399999999999865,p2
3.6,2018-12-21,438.85,5.33,3.9,26.2,18.9,zone.3,12,0.6300000000000008,0.21000000000000027,7.199999999999999,1,428.37,5.750000000000019,p2
3.6,2018-12-26,436.51,NA,3.96,26,19,zone.3,13,NA,0.6266666666666666,6.109999999999999,3,428.37,8.766666666666653,p2
3.6,2018-12-30,440.24,NA,0.97,14.29,19.89,zone.3,14,NA,0.6266666666666666,6.329999999999999,2,428.37,8.53666666666667,a2
3.6,2019-01-03,439.57,6.95,1.04,14.01,7.96,zone.3,15,1.88,0.6266666666666666,6.12,1,428.37,6.896666666666655,a2
3.6,2019-01-06,433.75,NA,0.96,13.87,7.89,zone.3,16,NA,NA,6.52,0,428.37,NA,a2
3.6,2019-01-09,434.65,NA,1.03,14.52,7.35,zone.3,17,NA,NA,NA,0,428.37,NA,a2
3.7,2018-11-10,431.01,0,3,NA,NA,zone.3,0,0,NA,NA,0,428.01,0,b1
3.7,2018-11-13,431.01,NA,1.04,14.6,9.06,zone.3,1,NA,0.8733333333333334,5.389999999999999,3,428.01,3.8733333333333335,b1
3.7,2018-11-16,432.05,NA,1.04,14.97,9.21,zone.3,2,NA,0.8733333333333334,6.74,2,428.01,3.873333333333354,b1
3.7,2018-11-20,432.36,2.46,1.01,14.13,8.23,zone.3,3,2.62,0.8733333333333334,6.08,1,428.01,3.143333333333356,b1
3.7,2018-11-25,430.67,NA,3.89,25.79,8.05,zone.3,4,NA,0.33666666666666717,6.960000000000001,3,428.01,2.9966666666666923,p1
3.7,2018-11-28,435.31,NA,3.88,25.43,18.83,zone.3,5,NA,0.33666666666666717,11.91,2,428.01,3.7466666666666786,p1
3.7,2018-12-01,439.22,7.77,3.97,24.7,13.52,zone.3,6,1.0100000000000016,0.33666666666666717,10.549999999999999,1,428.01,3.7766666666667037,p1
3.7,2018-12-06,436.08,NA,1,13.66,14.15,zone.3,7,NA,0.4400000000000004,5.35,3,428.01,8.509999999999994,a1.b2
3.7,2018-12-09,435.57,NA,1.03,13.42,8.31,zone.3,8,NA,0.4400000000000004,5.51,2,428.01,7.000000000000003,a1.b2
3.7,2018-12-12,436.32,4.68,0.97,13.95,7.91,zone.3,9,1.3200000000000012,0.4400000000000004,5.5699999999999985,1,428.01,6.720000000000002,a1.b2
3.7,2018-12-15,431.81,NA,0.98,13.75,8.38,zone.3,10,NA,0.18333333333333326,6.12,3,428.01,3.9833333333333445,a1.b2
3.7,2018-12-18,432.81,NA,3.9,25.75,7.63,zone.3,11,NA,0.18333333333333326,17.72,2,428.01,4.0033333333333445,p2
3.7,2018-12-21,438.21,5.3,3.92,26.48,8.03,zone.3,12,0.5499999999999998,0.18333333333333326,7.240000000000002,1,428.01,5.503333333333321,p2
3.7,2018-12-26,435.9,NA,3.89,25.63,19.24,zone.3,13,NA,0.5,5.73,3,428.01,8.389999999999986,p2
3.7,2018-12-30,438.77,NA,1.03,14.07,19.9,zone.3,14,NA,0.5,NA,2,428.01,7.36999999999999,a2
3.7,2019-01-03,438.94,7.34,1.01,14.1,NA,zone.3,15,1.5,0.5,4.779999999999999,1,428.01,6.510000000000007,a2
3.7,2019-01-06,433.35,NA,0.98,13.93,9.32,zone.3,16,NA,NA,4.09,0,428.01,NA,a2
3.7,2019-01-09,433.41,NA,1,14.41,9.84,zone.3,17,NA,NA,NA,0,428.01,NA,a2
4.1,2018-11-10,429.23,0,3,NA,NA,zone.4,0,0,NA,NA,0,426.23,0,b1
4.1,2018-11-13,429.23,NA,0.78,11.54,20.81,zone.4,1,NA,0.7633333333333333,3.25,3,426.23,3.763333333333333,b1
4.1,2018-11-16,429.66,NA,0.76,12.93,8.29,zone.4,2,NA,0.7633333333333333,5.35,2,426.23,3.4133333333333398,b1
4.1,2018-11-20,430.33,2.25,0.71,11.51,7.58,zone.4,3,2.29,0.7633333333333333,5.04,1,426.23,3.323333333333299,b1
4.1,2018-11-25,428.45,NA,1.61,20.37,6.47,zone.4,4,NA,0.4166666666666668,4.920000000000002,3,426.23,2.6366666666666374,p1
4.1,2018-11-28,430.3,NA,1.58,19.07,15.45,zone.4,5,NA,0.4166666666666668,10,2,426.23,2.87666666666666,p1
4.1,2018-12-01,432.1,2.65,1.64,18.92,9.07,zone.4,6,1.2500000000000004,0.4166666666666668,NA,1,426.23,3.096666666666671,p1
4.1,2018-12-06,430.96,NA,0.72,11.69,NA,zone.4,7,NA,0.14666666666666664,4.72,3,426.23,4.876666666666628,a1.b2
4.1,2018-12-09,430.99,NA,0.73,11.26,6.97,zone.4,8,NA,0.14666666666666664,3.9799999999999995,2,426.23,4.186666666666658,a1.b2
4.1,2018-12-12,431.09,2.65,0.76,11.02,7.28,zone.4,9,0.43999999999999995,0.14666666666666664,3.2699999999999996,1,426.23,3.556666666666623,a1.b2
4.1,2018-12-15,429.1,NA,0.71,11.36,7.75,zone.4,10,NA,0.1166666666666667,4.72,3,426.23,2.9866666666666712,a1.b2
4.1,2018-12-18,426.65,NA,1.59,20.04,6.64,zone.4,11,NA,0.1166666666666667,4.51,2,426.23,-0.1733333333333742,p2
4.1,2018-12-21,431.22,2.71,1.57,20.85,15.53,zone.4,12,0.3500000000000001,0.1166666666666667,6.770000000000001,1,426.23,2.806666666666676,p2
4.1,2018-12-26,430.51,NA,1.57,20.08,14.08,zone.4,13,NA,0.5633333333333335,7.389999999999999,3,426.23,4.843333333333306,p2
4.1,2018-12-30,432.58,NA,0.72,11.58,12.69,zone.4,14,NA,0.5633333333333335,3.8499999999999996,2,426.23,5.343333333333299,a2
4.1,2019-01-03,431.89,2.17,0.73,11.65,7.73,zone.4,15,1.6900000000000004,0.5633333333333335,3.3000000000000007,1,426.23,3.9333333333333016,a2
4.1,2019-01-06,430.21,NA,0.73,11.11,8.35,zone.4,16,NA,NA,2.7699999999999996,0,426.23,NA,a2
4.1,2019-01-09,430.82,NA,0.78,11.99,8.34,zone.4,17,NA,NA,NA,0,426.23,NA,a2
4.2,2018-11-10,420.5,0,3,NA,NA,zone.4,0,0,NA,NA,0,417.5,0,b1
4.2,2018-11-13,420.5,NA,0.71,11.58,16.7,zone.4,1,NA,0.9266666666666667,3.4800000000000004,3,417.5,3.9266666666666667,b1
4.2,2018-11-16,420.75,NA,0.77,12.14,8.1,zone.4,2,NA,0.9266666666666667,4.45,2,417.5,3.466666666666667,b1
4.2,2018-11-20,421.01,1.7,0.76,11.37,7.69,zone.4,3,2.7800000000000002,0.9266666666666667,4.069999999999999,1,417.5,2.9566666666666577,b1
4.2,2018-11-25,419.61,NA,1.62,19.68,7.3,zone.4,4,NA,0.27999999999999997,6.83,3,417.5,2.3900000000000134,p1
4.2,2018-11-28,421.98,NA,1.62,19.35,12.85,zone.4,5,NA,0.27999999999999997,9.21,2,417.5,3.140000000000018,p1
4.2,2018-12-01,423.39,3.16,1.61,18.84,10.14,zone.4,6,0.8399999999999999,0.27999999999999997,7.039999999999999,1,417.5,2.929999999999986,p1
4.2,2018-12-06,421.79,NA,0.75,12.56,11.8,zone.4,7,NA,0.2566666666666668,4.43,3,417.5,4.546666666666687,a1.b2
4.2,2018-12-09,422.17,NA,0.71,11.01,8.13,zone.4,8,NA,0.2566666666666668,4.17,2,417.5,4.176666666666683,a1.b2
4.2,2018-12-12,422.37,2.3,0.76,11.31,6.84,zone.4,9,0.7700000000000005,0.2566666666666668,4.1000000000000005,1,417.5,3.6666666666666714,a1.b2
4.2,2018-12-15,420.34,NA,0.8,11.05,7.21,zone.4,10,NA,0.13333333333333344,4.550000000000001,3,417.5,2.9733333333333083,a1.b2
4.2,2018-12-18,421.4,NA,1.62,19.9,6.5,zone.4,11,NA,0.13333333333333344,4.849999999999998,2,417.5,3.2333333333333107,p2
4.2,2018-12-21,423.16,2.78,1.59,20.06,15.05,zone.4,12,0.40000000000000036,0.13333333333333344,4.849999999999998,1,417.5,3.3733333333333584,p2
4.2,2018-12-26,421.52,NA,1.55,20.28,15.21,zone.4,13,NA,0.30666666666666664,5.15,3,417.5,4.3266666666666485,p2
4.2,2018-12-30,423.3,NA,0.75,11.6,15.13,zone.4,14,NA,0.30666666666666664,3.8899999999999997,2,417.5,4.556666666666678,a2
4.2,2019-01-03,423.41,2.97,0.78,11.6,7.71,zone.4,15,0.9199999999999999,0.30666666666666664,3.24,1,417.5,3.916666666666692,a2
4.2,2019-01-06,421.04,NA,0.73,11.37,8.36,zone.4,16,NA,NA,3.08,0,417.5,NA,a2
4.2,2019-01-09,421.25,NA,0.74,11.67,8.29,zone.4,17,NA,NA,NA,0,417.5,NA,a2
4.3,2018-11-10,431.46,0,3,NA,NA,zone.4,0,0,NA,NA,0,428.46,0,b1
4.3,2018-11-13,431.46,NA,0.79,11.29,20.69,zone.4,1,NA,1.0933333333333335,3,3,428.46,4.093333333333334,b1
4.3,2018-11-16,432.21,NA,0.74,13.01,8.29,zone.4,2,NA,1.0933333333333335,5.83,2,428.46,4.053333333333334,b1
4.3,2018-11-20,432.63,1.25,0.79,11.12,7.18,zone.4,3,3.2800000000000002,1.0933333333333335,4.119999999999999,1,428.46,3.7333333333333494,b1
4.3,2018-11-25,431.74,NA,1.63,19.45,7,zone.4,4,NA,0.05666666666666664,5.889999999999999,3,428.46,3.336666666666696,p1
4.3,2018-11-28,434.43,NA,1.62,19.54,13.56,zone.4,5,NA,0.05666666666666664,9.079999999999998,2,428.46,4.396666666666694,p1
4.3,2018-12-01,436.03,3.87,1.65,18.91,10.46,zone.4,6,0.16999999999999993,0.05666666666666664,8.31,1,428.46,4.37666666666666,p1
4.3,2018-12-06,433.77,NA,0.79,12.86,10.6,zone.4,7,NA,0.59,6.27,3,428.46,5.900000000000002,a1.b2
4.3,2018-12-09,434.84,NA,0.75,10.75,6.59,zone.4,8,NA,0.59,2.79,2,428.46,6.179999999999995,a1.b2
4.3,2018-12-12,434.38,1.42,0.72,11.41,7.96,zone.4,9,1.77,0.59,3.7300000000000004,1,428.46,4.970000000000016,a1.b2
4.3,2018-12-15,432.69,NA,0.75,11.81,7.68,zone.4,10,NA,0.20999999999999996,4.2,3,428.46,4.440000000000018,a1.b2
4.3,2018-12-18,433.35,NA,1.59,20.01,7.61,zone.4,11,NA,0.20999999999999996,5.790000000000001,2,428.46,4.350000000000043,p2
4.3,2018-12-21,435.92,2.43,1.56,20.47,14.22,zone.4,12,0.6299999999999999,0.20999999999999996,5.589999999999998,1,428.46,5.3300000000000365,p2
4.3,2018-12-26,434.27,NA,1.56,20.5,14.88,zone.4,13,NA,0.4633333333333334,10.19,3,428.46,6.273333333333335,p2
4.3,2018-12-30,436.47,NA,0.74,11.19,10.31,zone.4,14,NA,0.4633333333333334,3.6499999999999995,2,428.46,6.91333333333338,a2
4.3,2019-01-03,434.53,2.47,0.72,11.25,7.54,zone.4,15,1.3900000000000001,0.4633333333333334,3.87,1,428.46,4.233333333333326,a2
4.3,2019-01-06,432.94,NA,0.77,11.42,7.38,zone.4,16,NA,NA,4.53,0,428.46,NA,a2
4.3,2019-01-09,433.55,NA,0.71,11.78,6.89,zone.4,17,NA,NA,NA,0,428.46,NA,a2
4.4,2018-11-10,422.7,0,3,NA,NA,zone.4,0,0,NA,NA,0,419.7,0,b1
4.4,2018-11-13,422.7,NA,0.74,1.15,18.87,zone.4,1,NA,0.69,-6.57,3,419.7,3.69,b1
4.4,2018-11-16,422.92,NA,0.76,11.28,7.72,zone.4,2,NA,0.69,4.289999999999999,2,419.7,3.170000000000027,b1
4.4,2018-11-20,422.75,2.43,0.76,11.15,6.99,zone.4,3,2.07,0.69,3.630000000000001,1,419.7,2.2400000000000118,b1
4.4,2018-11-25,420.89,NA,1.61,19.44,7.52,zone.4,4,NA,0.2866666666666668,7.210000000000001,3,419.7,1.4766666666666646,p1
4.4,2018-11-28,423.85,NA,1.56,18.97,12.23,zone.4,5,NA,0.2866666666666668,9.059999999999999,2,419.7,2.8266666666667004,p1
4.4,2018-12-01,425.58,3.07,0.66,19.17,9.91,zone.4,6,0.8600000000000003,0.2866666666666668,7.820000000000002,1,419.7,2.9966666666666613,p1
4.4,2018-12-06,423.69,NA,0.81,12.5,11.35,zone.4,7,NA,-0.0033333333333332624,4.210000000000001,3,419.7,3.9866666666666757,a1.b2
4.4,2018-12-09,423.73,NA,0.72,10.99,8.29,zone.4,8,NA,-0.0033333333333332624,4.03,2,419.7,3.216666666666696,a1.b2
4.4,2018-12-12,423.81,2.2,0.71,10.69,6.96,zone.4,9,-0.009999999999999787,-0.0033333333333332624,3.4299999999999997,1,419.7,2.5766666666666804,a1.b2
4.4,2018-12-15,422.06,NA,0.74,11.44,7.26,zone.4,10,NA,0.4133333333333334,3.959999999999999,3,419.7,2.773333333333347,a1.b2
4.4,2018-12-18,422.69,NA,1.62,19.7,7.48,zone.4,11,NA,0.4133333333333334,9.319999999999999,2,419.7,2.6633333333333424,p2
4.4,2018-12-21,425.36,1.83,1.62,20.56,10.38,zone.4,12,1.2400000000000002,0.4133333333333334,6.899999999999999,1,419.7,3.7133333333333582,p2
4.4,2018-12-26,424.07,NA,1.63,20.08,13.66,zone.4,13,NA,0.37333333333333335,8.679999999999998,3,419.7,4.743333333333338,p2
4.4,2018-12-30,426.4,NA,0.75,11.54,11.4,zone.4,14,NA,0.37333333333333335,3.4799999999999986,2,419.7,5.443333333333322,a2
4.4,2019-01-03,424.92,2.88,0.74,11.45,8.06,zone.4,15,1.12,0.37333333333333335,4.02,1,419.7,3.213333333333361,a2
4.4,2019-01-06,422.56,NA,0.77,11.81,7.43,zone.4,16,NA,NA,3.9300000000000006,0,419.7,NA,a2
4.4,2019-01-09,423.1,NA,0.76,11.84,7.88,zone.4,17,NA,NA,NA,0,419.7,NA,a2
4.5,2018-11-10,426.32,0,3,NA,NA,zone.4,0,0,NA,NA,0,423.32,0,b1
4.5,2018-11-13,426.32,NA,0.71,11.2,20.64,zone.4,1,NA,0.6900000000000001,2.7799999999999994,3,423.32,3.69,b1
4.5,2018-11-16,426.95,NA,0.78,11.73,8.42,zone.4,2,NA,0.6900000000000001,3.7600000000000007,2,423.32,3.6099999999999954,b1
4.5,2018-11-20,427.44,2.42,0.77,11.26,7.97,zone.4,3,2.0700000000000003,0.6900000000000001,3.46,1,423.32,3.3200000000000043,b1
4.5,2018-11-25,425.83,NA,1.59,19.53,7.8,zone.4,4,NA,0.16999999999999993,5.300000000000001,3,423.32,2.679999999999991,p1
4.5,2018-11-28,427.84,NA,1.64,18.53,14.23,zone.4,5,NA,0.16999999999999993,8.63,2,423.32,3.099999999999982,p1
4.5,2018-12-01,429.97,3.49,1.66,19.16,9.9,zone.4,6,0.5099999999999998,0.16999999999999993,7.140000000000001,1,423.32,3.5900000000000345,p1
4.5,2018-12-06,428.38,NA,0.78,12.17,12.02,zone.4,7,NA,0.14333333333333323,4.029999999999999,3,423.32,5.203333333333336,a1.b2
4.5,2018-12-09,428.5,NA,0.71,10.73,8.14,zone.4,8,NA,0.14333333333333323,2.9400000000000004,2,423.32,4.54333333333334,a1.b2
4.5,2018-12-12,428.82,2.72,0.74,10.62,7.79,zone.4,9,0.4299999999999997,0.14333333333333323,3.1099999999999994,1,423.32,4.153333333333333,a1.b2
4.5,2018-12-15,426.84,NA,0.75,11.26,7.51,zone.4,10,NA,0.13999999999999999,4.13,3,423.32,3.659999999999982,a1.b2
4.5,2018-12-18,427.69,NA,1.61,19.92,7.13,zone.4,11,NA,0.13999999999999999,7.640000000000002,2,423.32,3.7600000000000047,p2
4.5,2018-12-21,429.96,2.68,1.64,20.9,12.28,zone.4,12,0.41999999999999993,0.13999999999999999,9.87,1,423.32,4.419999999999986,p2
4.5,2018-12-26,429.26,NA,1.59,20.4,11.03,zone.4,13,NA,0.4299999999999999,10.499999999999998,3,423.32,6.3699999999999974,p2
4.5,2018-12-30,431.9,NA,0.78,10.85,9.9,zone.4,14,NA,0.4299999999999999,2.58,2,423.32,7.419999999999984,a2
4.5,2019-01-03,430.37,2.72,0.74,11.52,8.27,zone.4,15,1.2899999999999996,0.4299999999999999,3.5699999999999994,1,423.32,5.110000000000011,a2
4.5,2019-01-06,428.27,NA,0.78,11.42,7.95,zone.4,16,NA,NA,3.7299999999999995,0,423.32,NA,a2
4.5,2019-01-09,428.87,NA,0.77,12.02,7.69,zone.4,17,NA,NA,NA,0,423.32,NA,a2
4.6,2018-11-10,427.86,0,3,NA,NA,zone.4,0,0,NA,NA,0,424.86,0,b1
4.6,2018-11-13,427.86,NA,0.71,11.55,19.41,zone.4,1,NA,0.67,3.4800000000000004,3,424.86,3.67,b1
4.6,2018-11-16,429.1,NA,0.77,11.97,8.07,zone.4,2,NA,0.67,5.0600000000000005,2,424.86,4.200000000000009,b1
4.6,2018-11-20,429.26,2.47,0.73,11.25,6.91,zone.4,3,2.0100000000000002,0.67,3.71,1,424.86,3.589999999999977,b1
4.6,2018-11-25,421.85,NA,1.59,19.67,7.54,zone.4,4,NA,0.13000000000000003,4.910000000000002,3,424.86,-2.879999999999991,p1
4.6,2018-11-28,430.06,NA,1.56,19.53,14.76,zone.4,5,NA,0.13000000000000003,6.330000000000002,2,424.86,3.7399999999999887,p1
4.6,2018-12-01,431.37,3.49,1.7,19.21,13.2,zone.4,6,0.3900000000000001,0.13000000000000003,4.3100000000000005,1,424.86,3.4899999999999904,p1
4.6,2018-12-06,429.19,NA,0.81,12.42,14.9,zone.4,7,NA,0.05999999999999991,3.7300000000000004,3,424.86,4.389999999999984,a1.b2
4.6,2018-12-09,430.42,NA,0.76,10.68,8.69,zone.4,8,NA,0.05999999999999991,2.9299999999999997,2,424.86,4.810000000000001,a1.b2
4.6,2018-12-12,430.76,3.09,0.76,11.57,7.75,zone.4,9,0.17999999999999972,0.05999999999999991,3.030000000000001,1,424.86,4.389999999999977,a1.b2
4.6,2018-12-15,428.52,NA,0.76,10.53,8.54,zone.4,10,NA,0.0300000000000001,2.5999999999999996,3,424.86,3.6899999999999684,a1.b2
4.6,2018-12-18,429.04,NA,1.6,19.66,7.93,zone.4,11,NA,0.0300000000000001,6.109999999999999,2,424.86,3.4500000000000073,p2
4.6,2018-12-21,431.47,3.03,1.6,20.22,13.55,zone.4,12,0.0900000000000003,0.0300000000000001,8.149999999999999,1,424.86,4.2800000000000145,p2
4.6,2018-12-26,430.13,NA,1.65,19.59,12.07,zone.4,13,NA,0.22999999999999984,4.23,3,424.86,5.499999999999981,p2
4.6,2018-12-30,430.94,NA,0.77,11.27,15.36,zone.4,14,NA,0.22999999999999984,3.5999999999999996,2,424.86,4.659999999999983,a2
4.6,2019-01-03,431.12,3.33,0.76,11.15,7.67,zone.4,15,0.6899999999999995,0.22999999999999984,4.17,1,424.86,4.069999999999991,a2
4.6,2019-01-06,428.67,NA,0.73,10.8,6.98,zone.4,16,NA,NA,3.240000000000001,0,424.86,NA,a2
4.6,2019-01-09,429.17,NA,0.76,11.68,7.56,zone.4,17,NA,NA,NA,0,424.86,NA,a2
4.7,2018-11-10,423.79,0,3,NA,NA,zone.4,0,0,NA,NA,0,420.79,0,b1
4.7,2018-11-13,423.79,NA,0.77,11.35,20.85,zone.4,1,NA,0.7800000000000001,2.799999999999999,3,420.79,3.7800000000000002,b1
4.7,2018-11-16,424.41,NA,0.76,12.82,8.55,zone.4,2,NA,0.7800000000000001,5.23,2,420.79,3.630000000000005,b1
4.7,2018-11-20,424.86,2.19,0.73,10.74,7.59,zone.4,3,2.3400000000000003,0.7800000000000001,3.66,1,420.79,3.3199999999999936,b1
4.7,2018-11-25,422.74,NA,1.59,19.5,7.08,zone.4,4,NA,-0.06000000000000005,6.5600000000000005,3,420.79,1.8899999999999886,p1
4.7,2018-11-28,425.18,NA,1.58,19.07,12.94,zone.4,5,NA,-0.06000000000000005,7.91,2,420.79,3.7399999999999864,p1
4.7,2018-12-01,426.6,3.08,1.56,19.04,11.16,zone.4,6,-0.18000000000000016,-0.06000000000000005,7.18,1,420.79,3.5800000000000023,p1
4.7,2018-12-06,425.17,NA,0.74,12.77,11.86,zone.4,7,NA,0.22333333333333316,3.3499999999999996,3,420.79,4.603333333333328,a1.b2
4.7,2018-12-09,425.46,NA,0.72,10.87,9.42,zone.4,8,NA,0.22333333333333316,2.969999999999999,2,420.79,4.153333333333292,a1.b2
4.7,2018-12-12,425.82,2.35,0.76,11.39,7.9,zone.4,9,0.6699999999999995,0.22333333333333316,3.6000000000000005,1,420.79,3.793333333333306,a1.b2
4.7,2018-12-15,424.15,NA,0.76,11.36,7.79,zone.4,10,NA,0.21666666666666665,2.8599999999999994,3,420.79,3.5766666666666236,a1.b2
4.7,2018-12-18,424.77,NA,1.6,19.64,8.5,zone.4,11,NA,0.21666666666666665,5.07,2,420.79,3.4366666666666283,p2
4.7,2018-12-21,426.8,2.47,1.6,20.2,14.57,zone.4,12,0.6499999999999999,0.21666666666666665,10.399999999999999,1,420.79,3.8666666666666583,p2
4.7,2018-12-26,426.71,NA,1.68,19.99,9.8,zone.4,13,NA,0.7833333333333332,8.04,3,420.79,6.703333333333292,p2
4.7,2018-12-30,427.91,NA,0.73,10.96,11.95,zone.4,14,NA,0.7833333333333332,3.530000000000001,2,420.79,6.223333333333338,a2
4.7,2019-01-03,426.67,1.66,0.74,11.29,7.43,zone.4,15,2.3499999999999996,0.7833333333333332,4.3999999999999995,1,420.79,4.2533333333333285,a2
4.7,2019-01-06,425.59,NA,0.74,11.29,6.89,zone.4,16,NA,NA,4.369999999999999,0,420.79,NA,a2
4.7,2019-01-09,425.88,NA,0.73,12.14,6.92,zone.4,17,NA,NA,NA,0,420.79,NA,a2
